-0.988196 -1.678065 5.984244 5.779042 -14.631773 -1.073595 12.526591 -12.989316 -1.441681 23.893973 -13.682439 -29.099530 29.754571 17.490272 -29.871162 5.421448 23.010147 -16.988160 -21.405273 23.382390 13.698402 -27.685832 -3.872948 28.183780 -9.565990 -36.344586 32.571516 38.077201 -47.025278 -21.335962 48.033347 -2.941111 -41.001778 28.285665 26.281611 -43.316309 -11.542158 44.287401 -3.477665 -41.172484 20.478829 36.158093 -35.132442 -29.920685 46.039708 16.947897 -44.977758 5.394216 32.706961 -24.026136 -19.187948 34.355629 3.992681 -35.253823 7.036682 25.764234 -11.483660 -18.370071 17.735337 14.162735 -21.220954 -6.125073 18.808480 -1.470145 -14.861767 8.840385 6.575882 -14.781660 2.342787 12.542362 -5.439053 -6.378878 5.395246 1.719670 -3.644218 1.538528 0.852876 -1.901676 0.163649 0.511013 
-1.678065 -2.538733 9.445488 8.459772 -22.247872 -1.250703 18.904682 -19.886116 -1.757035 36.651376 -21.521139 -44.495448 45.404766 26.833637 -45.693496 7.993047 35.677018 -26.477060 -33.092589 36.611190 21.450679 -42.903335 -5.882506 43.783180 -15.600311 -55.816457 50.717235 58.513905 -72.547013 -33.078647 73.882114 -4.452353 -63.130925 43.650826 40.815028 -67.153530 -18.263336 68.859126 -5.220165 -63.749130 31.848521 55.908369 -54.656454 -46.179745 71.200518 26.229195 -69.263147 7.919999 50.608121 -36.871884 -29.744805 53.035743 6.651159 -54.466702 10.361606 40.054513 -17.771097 -28.587033 27.522077 21.879588 -32.802989 -9.685689 29.117173 -2.070402 -22.864601 13.511146 10.213166 -22.571011 3.301119 19.302890 -8.166845 -9.966443 8.204326 2.740969 -5.601603 2.242361 1.405678 -2.839306 0.194820 0.785537 
5.984244 9.445488 -34.718499 -31.772313 82.730322 5.166930 -70.422010 73.548037 6.979046 -135.748958 79.207024 165.038029 -168.448310 -99.548050 169.155963 -29.925387 -131.493100 97.739892 122.425922 -135.015517 -79.232449 158.383289 22.006997 -161.304068 56.821804 206.539395 -187.097445 -216.604705 267.651322 122.456182 -273.648597 16.381747 233.291865 -161.446832 -150.629239 248.505539 67.229311 -253.893876 19.251727 235.142505 -117.467404 -206.296224 201.784502 170.450678 -262.746502 -96.994770 256.051601 -29.607008 -186.710071 136.531185 109.705409 -196.148218 -24.035333 201.299520 -38.803979 -147.710328 65.549985 105.232794 -101.542350 -80.706326 121.119970 35.521589 -107.607226 7.852661 84.524096 -50.118278 -37.644130 83.729985 -12.605521 -71.501883 30.478468 36.724052 -30.516954 -9.996951 20.731119 -8.467744 -5.090513 10.627332 -0.790506 -2.906021 
5.779042 8.459772 -31.772313 -27.816489 74.151016 3.691031 -62.836837 66.514777 5.412026 -122.686589 72.472936 148.557349 -151.795265 -89.612608 152.869033 -26.384113 -119.872541 88.930378 110.971423 -123.135293 -72.012956 143.969341 19.509591 -147.204815 53.147196 186.940795 -170.030860 -195.463564 242.777658 110.904894 -247.469880 14.919116 211.290167 -146.234579 -137.223689 224.991750 61.567712 -231.037239 17.432196 213.687897 -106.875136 -187.465319 183.715038 154.665299 -238.469749 -87.846199 232.049762 -26.179614 -169.727615 123.388727 99.987947 -177.703616 -22.833559 182.409115 -34.148895 -134.598508 59.622471 96.141965 -92.097557 -73.399092 109.788020 32.769602 -97.701067 6.733563 76.557551 -45.190747 -34.319664 75.301993 -10.678467 -64.633680 27.106249 33.473633 -27.356333 -9.277842 18.714405 -7.353090 -4.805602 9.390834 -0.588383 -2.627156 
-14.631773 -22.247872 82.730322 74.151016 -195.115823 -11.016227 165.716949 -174.042248 -15.325314 321.239173 -188.684986 -390.264722 398.527944 235.321436 -400.584701 69.935216 312.141491 -232.144969 -289.960093 321.372030 188.219173 -375.847007 -51.651943 383.369360 -136.790446 -489.402930 443.969130 512.200066 -634.780819 -290.533172 646.952448 -38.834677 -552.317523 382.442448 358.152291 -588.207238 -160.273560 603.518293 -45.457108 -557.545404 278.978672 488.973111 -479.600572 -404.559969 623.662911 229.944155 -607.390967 69.197434 443.249137 -323.571764 -260.794119 465.333116 58.324278 -476.748238 90.703558 351.417733 -155.614299 -250.374403 240.788547 191.603875 -286.852449 -84.873063 255.314346 -18.105592 -200.238994 118.399537 89.397913 -197.761660 28.933529 169.144300 -71.550032 -87.277813 71.919167 23.966952 -49.033930 19.663236 12.320473 -24.891462 1.710627 6.884478 
-1.073595 -1.250703 5.166930 3.691031 -11.016227 -0.028269 9.158129 -10.078755 -0.250554 18.716928 -11.726468 -22.424936 22.934833 13.611031 -23.246610 3.591699 18.789044 -14.056465 -17.234454 19.665377 11.515378 -22.493973 -2.884815 23.125151 -9.281863 -28.621777 26.778045 29.729933 -37.510992 -17.353306 38.012636 -2.216810 -32.348225 22.667128 21.607787 -35.044251 -10.089728 36.243949 -2.534473 -33.210702 16.777621 29.063579 -29.013528 -23.969440 36.998142 13.674992 -35.688475 3.544981 26.372414 -18.846963 -15.697421 27.555949 4.172984 -28.239568 4.648639 21.231415 -9.290645 -15.186406 14.376369 11.386244 -17.006701 -5.373873 15.232574 -0.786489 -11.732701 6.827559 5.391563 -11.326207 1.232304 9.921243 -3.903543 -5.324161 4.072325 1.541748 -2.853786 0.961156 0.860207 -1.324422 0.017442 0.401624 
12.526591 18.904682 -70.422010 -62.836837 165.716949 9.158129 -140.739484 148.047666 12.856769 -273.182588 160.634312 331.823607 -338.405190 -199.947629 340.237300 -59.394047 -265.794787 197.505522 246.865636 -273.202456 -160.094332 319.410751 43.898669 -326.777102 116.695998 415.997546 -377.378584 -435.454688 540.142425 246.850002 -550.702383 33.035598 470.386619 -325.422009 -304.417290 499.920425 136.481116 -513.221184 38.757238 474.799579 -237.251395 -415.935793 408.070591 344.111520 -530.699488 -195.584363 516.097375 -58.812476 -376.780248 274.821396 221.926572 -395.826301 -49.769665 405.564121 -76.990487 -298.325167 132.415615 213.087070 -204.867552 -162.991046 244.158890 72.236407 -217.116191 15.318716 170.334118 -100.678309 -76.124394 168.074700 -24.451096 -143.841968 60.803479 74.275902 -61.102065 -20.434168 41.715609 -16.651203 -10.520229 21.119657 -1.428258 -5.850156 
-12.989316 -19.886116 73.548037 66.514777 -174.042248 -10.078755 148.047666 -155.650398 -14.178911 287.071795 -167.727804 -347.890206 355.294972 209.717836 -357.671244 62.863385 278.370073 -206.605004 -258.756093 285.811434 167.190509 -335.585723 -45.895735 342.230170 -121.090669 -436.510088 395.013836 456.720930 -566.486854 -258.277455 577.555494 -34.999092 -493.574813 340.850108 318.944925 -523.856456 -142.198843 537.935331 -41.020982 -497.608891 248.546274 437.114673 -427.234841 -360.528385 555.489714 204.821108 -541.222802 62.398828 395.910830 -288.527260 -232.655070 413.898774 51.504475 -424.978007 81.470760 312.760789 -138.847911 -223.364023 214.637196 170.984782 -255.940160 -75.465508 227.632473 -16.369954 -178.710076 105.759367 79.775570 -176.513118 26.035904 150.844138 -64.012717 -77.759303 64.235239 21.336911 -43.755960 17.613704 10.912930 -22.261590 1.571905 6.139121 
-1.441681 -1.757035 6.979046 5.412026 -15.325314 -0.250554 12.856769 -14.178911 -0.705688 26.060848 -15.817899 -31.133217 31.990085 18.722808 -32.560777 5.285365 26.028435 -19.104350 -23.723708 26.679018 15.446855 -31.050283 -3.882578 32.092729 -12.185594 -39.959937 36.549598 41.248310 -51.845690 -23.561363 52.933906 -3.288491 -45.177143 31.183803 29.704122 -48.077355 -13.442980 49.795479 -3.780635 -46.083561 23.043242 40.437359 -39.619543 -33.175332 50.994187 18.713620 -49.564893 5.309780 36.612309 -26.144263 -21.713664 37.919225 5.425499 -38.947857 6.821089 29.221072 -12.820887 -20.989387 19.759386 15.819883 -23.442072 -7.269090 21.006057 -1.244554 -16.321622 9.514397 7.461663 -15.781440 1.883906 13.712205 -5.523443 -7.290857 5.701373 2.104005 -3.961280 1.394203 1.128945 -1.880402 0.057939 0.555917 
23.893973 36.651376 -135.748958 -122.686589 321.239173 18.716928 -273.182588 287.071795 26.060848 -528.543946 309.632216 641.967159 -655.053425 -387.053971 659.448589 -115.778473 -514.114327 381.716928 477.794954 -527.135468 -309.027118 618.382838 84.939628 -631.102514 223.597817 805.352890 -730.051947 -843.085124 1044.555014 476.291251 -1065.639027 64.277631 909.905401 -629.484593 -588.101942 967.044899 262.758782 -991.744739 75.354465 918.224116 -458.101075 -805.294701 788.021647 664.961045 -1025.522171 -377.545457 998.364603 -114.780830 -728.992444 532.112560 428.660929 -764.029831 -95.112645 784.107477 -150.154423 -576.762281 256.021045 411.133427 -396.277709 -314.928113 471.874875 139.169200 -420.068303 30.145907 329.593034 -194.970006 -147.092382 325.959410 -48.053582 -278.778550 118.055087 143.418218 -118.441578 -39.331729 80.744218 -32.563951 -20.114940 41.076003 -2.904647 -11.329416 
-13.682439 -21.521139 79.207024 72.472936 -188.684986 -11.726468 160.634312 -167.727804 -15.817899 309.632216 -180.741561 -376.152591 383.858924 227.146626 -385.306151 68.181825 299.453444 -222.933814 -279.773141 307.850536 180.751778 -360.742296 -50.233693 367.732941 -129.754590 -470.603292 426.472395 494.499614 -611.141004 -278.801423 623.359239 -37.271314 -532.216459 367.689653 343.738179 -565.590947 -153.336817 579.592504 -43.870327 -536.690240 267.786247 470.270958 -460.732525 -389.044978 600.379561 221.253340 -584.686967 67.463149 426.144077 -311.208108 -250.399382 447.680046 54.887488 -458.579016 88.441392 336.378987 -149.648024 -240.040422 231.508793 184.166340 -276.328515 -81.047987 245.737312 -17.884060 -192.827311 114.208283 85.801989 -190.929192 28.693190 163.001371 -69.425124 -83.798221 69.452334 22.854620 -47.288192 19.290094 11.632458 -24.218647 1.793045 6.631158 
-29.099530 -44.495448 165.038029 148.557349 -390.264722 -22.424936 331.823607 -347.890206 -31.133217 641.967159 -376.152591 -779.364261 795.088588 470.159567 -799.754305 140.111594 623.688392 -463.556497 -580.141198 640.779313 375.577116 -751.120716 -103.305224 765.594761 -272.258642 -977.454374 886.793593 1024.196226 -1268.372650 -579.693544 1293.016711 -77.658448 -1103.734292 764.281600 714.727212 -1174.921206 -320.009440 1204.358898 -91.136739 -1114.247502 556.390785 978.147772 -957.492068 -806.773191 1245.034988 459.415702 -1212.217746 138.775987 884.737153 -645.336235 -520.719690 928.598657 115.922404 -952.938198 181.760391 701.224223 -311.344389 -499.581249 480.499218 382.809543 -572.921890 -169.254884 509.641595 -36.379766 -399.614578 236.650541 178.581156 -395.709750 58.160077 338.362145 -143.173948 -174.278952 143.737319 47.807641 -98.018845 39.371300 24.540648 -49.840937 3.478124 13.757085 
29.754571 45.404766 -168.448310 -151.795265 398.527944 22.934833 -338.405190 355.294972 31.990085 -655.053425 383.858924 795.088588 -812.406306 -479.294922 817.194081 -143.285339 -637.325960 473.072297 591.938296 -654.281017 -382.760780 766.883293 105.245041 -782.255206 278.073158 997.827282 -904.715452 -1045.064137 1295.056253 591.481862 -1320.640941 79.569482 1127.234053 -779.968184 -729.340010 1199.587882 325.485521 -1229.219898 93.289251 1138.176141 -567.978869 -998.911989 976.843058 824.229483 -1270.973038 -468.802173 1237.827803 -141.952039 -903.985079 658.947176 531.336890 -947.778399 -118.247188 972.483178 -185.752197 -715.141395 317.103625 510.413809 -490.397311 -390.422807 585.202163 172.741923 -520.081662 37.213402 408.303899 -241.558416 -182.349241 403.216343 -59.400752 -344.960728 146.233481 177.900507 -146.748304 -48.821669 100.072967 -40.233695 -25.014002 50.869372 -3.563180 -14.041756 
17.490272 26.833637 -99.548050 -89.612608 235.321436 13.611031 -199.947629 209.717836 18.722808 -387.053971 227.146626 470.159567 -479.294922 -283.344895 482.530460 -84.487632 -376.380667 279.571825 349.893971 -386.972885 -226.777176 452.755604 62.468468 -461.689158 164.408283 589.276215 -535.176041 -617.803182 765.644772 350.267454 -779.657866 46.618272 665.582324 -460.463425 -430.815689 709.210572 192.940475 -726.013252 54.691998 672.204239 -335.524174 -589.009335 576.871748 486.364641 -751.113809 -276.737967 731.414086 -83.541170 -533.020329 388.977297 313.676253 -560.220145 -69.886170 574.720353 -109.520024 -422.528971 187.405344 301.738348 -290.171241 -230.652812 345.745922 102.035300 -307.436757 21.914081 241.250513 -142.699056 -107.626049 238.433676 -35.086025 -203.913839 86.411595 105.093205 -86.711449 -28.789556 59.099923 -23.803337 -14.782451 30.037097 -2.103230 -8.296851 
-29.871162 -45.693496 169.155963 152.869033 -400.584701 -23.246610 340.237300 -357.671244 -32.560777 659.448589 -385.306151 -799.754305 817.194081 482.530460 -822.396760 144.394715 640.879707 -475.209520 -594.890112 657.066888 384.693339 -770.483154 -105.751720 786.562136 -278.803085 -1003.606914 908.833410 1051.442566 -1302.546830 -593.485021 1327.927740 -80.319768 -1133.832415 783.909000 733.646825 -1205.136237 -327.232541 1235.537646 -94.107447 -1144.205779 570.944500 1004.156283 -981.464142 -828.399120 1277.939655 471.294936 -1245.207132 143.275462 908.912668 -663.085836 -534.760381 952.497438 118.547126 -977.352642 187.190201 719.418034 -319.537747 -513.220940 493.745300 392.849225 -587.939666 -173.548710 523.587938 -37.578706 -411.079502 243.033116 183.389259 -405.824859 59.907857 346.731344 -147.205149 -178.786667 147.693036 48.989802 -100.623386 40.535153 25.047912 -51.170894 3.617038 14.116832 
5.421448 7.993047 -29.925387 -26.384113 69.935216 3.591699 -59.394047 62.863385 5.285365 -115.778473 68.181825 140.111594 -143.285339 -84.487632 144.394715 -25.036103 -113.029597 83.667120 104.648435 -115.865508 -67.727850 135.755604 18.362110 -138.821108 49.802589 176.562883 -160.178259 -184.434344 229.043436 104.363011 -233.602322 14.177245 199.414027 -137.849698 -129.334417 212.053330 57.822501 -217.686018 16.573072 201.607681 -100.680535 -176.940211 173.010513 145.910953 -224.800906 -82.798758 218.949899 -24.882540 -160.073331 116.411807 94.320994 -167.498388 -21.368850 171.995321 -32.421616 -126.868936 56.176730 90.698350 -86.844999 -69.282608 103.437520 30.801780 -92.176073 6.422960 72.256152 -42.617561 -32.319597 71.118940 -10.156750 -60.896358 25.630868 31.566003 -25.833913 -8.734630 17.662352 -6.969155 -4.506531 8.882284 -0.572738 -2.477103 
23.010147 35.677018 -131.493100 -119.872541 312.141491 18.789044 -265.794787 278.370073 26.028435 -514.114327 299.453444 623.688392 -637.325960 -376.380667 640.879707 -113.029597 -498.864382 369.211462 462.879181 -510.639875 -299.519809 599.760454 82.554358 -612.252860 215.227645 782.393207 -707.457360 -818.708805 1014.087848 462.745149 -1034.813747 62.504844 883.243916 -610.802276 -570.533217 938.529047 254.353941 -961.505413 73.411433 890.374402 -444.712089 -781.597418 763.477060 645.463392 -994.855003 -366.498200 969.634628 -112.057708 -707.163066 516.284964 415.951816 -742.266800 -91.512696 761.996805 -146.604779 -559.872102 248.431854 399.033589 -383.759220 -305.606981 458.147887 134.783483 -407.812548 29.579003 319.998614 -189.413768 -142.703260 316.832516 -47.198273 -270.592254 114.992723 139.068645 -115.148226 -38.008621 78.361786 -31.818014 -19.390178 39.990449 -2.908183 -11.003021 
-16.988160 -26.477060 97.739892 88.930378 -232.144969 -14.056465 197.505522 -206.605004 -19.104350 381.716928 -222.933814 -463.556497 473.072297 279.571825 -475.209520 83.667120 369.211462 -274.922290 -344.530223 380.133904 222.774631 -444.792636 -61.654369 453.336162 -160.548176 -579.761656 526.325648 608.226878 -753.213408 -344.006669 767.480696 -46.002497 -655.196810 453.213889 423.120359 -697.814410 -189.261217 714.403865 -53.968678 -660.695747 329.882201 579.322606 -567.114574 -479.022281 738.849605 272.680425 -719.262744 82.781731 524.362559 -383.095079 -308.416244 550.672981 68.083047 -565.881463 108.520770 415.325977 -184.370379 -296.397091 284.910694 226.973213 -340.705230 -100.091261 302.895695 -21.861353 -237.494215 140.571065 105.852035 -234.987992 35.053032 200.714772 -85.349443 -103.303336 85.480310 28.200824 -58.245701 23.635044 14.412372 -29.713611 2.157651 8.171647 
-21.405273 -33.092589 122.425922 110.971423 -289.960093 -17.234454 246.865636 -258.756093 -23.723708 477.794954 -279.773141 -580.141198 591.938296 349.893971 -594.890112 104.648435 462.879181 -344.530223 -431.120098 475.974304 278.349353 -557.219690 -76.965730 568.711779 -201.343659 -726.818245 658.564710 760.905465 -943.218552 -431.001707 960.778259 -57.814706 -820.821304 567.439436 530.465990 -873.300015 -236.550939 894.030636 -67.765614 -827.989094 414.068507 726.866149 -710.660761 -599.435585 925.062169 341.527006 -900.999480 103.568302 657.563566 -480.628804 -386.576713 689.688748 85.528916 -707.992614 135.697267 520.801600 -230.918920 -371.499643 357.185345 284.627282 -426.010303 -125.424292 378.478578 -27.293836 -297.175687 176.023108 132.599615 -293.654864 43.588935 251.300847 -106.693001 -129.423105 106.975580 35.390707 -72.827050 29.475636 18.104189 -37.137807 2.661044 10.227830 
23.382390 36.611190 -135.015517 -123.135293 321.372030 19.665377 -273.202456 285.811434 26.679018 -527.135468 307.850536 640.779313 -654.281017 -386.972885 657.066888 -115.865508 -510.639875 380.133904 475.974304 -525.238396 -307.979477 615.249467 85.369135 -627.108424 221.656235 802.080825 -726.820418 -841.008491 1041.046646 476.046737 -1061.434602 63.569594 906.003412 -626.950516 -585.418843 964.278410 261.009728 -986.967314 74.669159 913.513472 -455.975195 -801.759270 783.807527 662.227658 -1022.130577 -377.272522 995.111503 -114.635735 -725.665976 530.777071 426.526402 -761.966668 -93.774689 782.210101 -150.373232 -573.618010 255.205735 409.577656 -394.567145 -313.770709 470.271896 138.235581 -417.655747 30.336670 328.029342 -194.488149 -146.259193 325.352558 -48.678079 -277.291069 118.179079 142.655723 -118.275827 -38.941978 80.443936 -32.737906 -19.900928 41.169959 -3.015680 -11.296441 
13.698402 21.450679 -79.232449 -72.012956 188.219173 11.515378 -160.094332 167.190509 15.446855 -309.027118 180.751778 375.577116 -382.760780 -226.777176 384.693339 -67.727850 -299.519809 222.774631 278.349353 -307.979477 -180.745571 360.596897 50.206260 -366.486385 130.106866 469.192021 -426.764015 -493.043346 609.686518 279.096233 -621.559124 36.985804 530.136487 -367.508831 -343.422422 564.737499 153.506212 -578.338650 43.527574 534.865209 -267.075445 -468.802713 459.350481 387.738368 -598.451863 -221.019190 582.566729 -66.917579 -425.153307 310.220268 249.788503 -446.259943 -55.130277 458.451265 -87.912860 -336.493894 149.311868 239.541886 -231.103151 -183.703803 275.944654 80.982123 -244.475236 17.696522 192.278292 -113.868067 -85.675840 190.447948 -28.473934 -162.639661 69.180731 83.604315 -69.333654 -22.838464 47.132956 -19.190355 -11.664182 24.112606 -1.757722 -6.619112 
-27.685832 -42.903335 158.383289 143.969341 -375.847007 -22.493973 319.410751 -335.585723 -31.050283 618.382838 -360.742296 -751.120716 766.883293 452.755604 -770.483154 135.755604 599.760454 -444.792636 -557.219690 615.249467 360.596897 -721.766937 -99.567112 735.986548 -259.912323 -941.167373 852.317807 985.773310 -1221.170669 -556.699234 1245.090431 -74.997324 -1063.301727 735.433258 686.838345 -1129.945418 -306.649709 1157.948986 -88.035460 -1072.374155 535.816494 941.132072 -919.324130 -776.755293 1198.219322 441.214256 -1167.330597 134.486449 851.656230 -621.757809 -500.585581 892.663523 110.400211 -916.628982 176.109930 673.363096 -299.087073 -480.656235 462.594971 368.346755 -551.137435 -162.287513 489.983500 -35.483348 -385.585165 227.928926 171.722850 -380.397187 56.607162 325.542162 -138.291221 -167.421494 138.545827 45.829429 -94.329558 38.228805 23.390996 -48.156416 3.476613 13.238574 
-3.872948 -5.882506 22.006997 19.509591 -51.651943 -2.884815 43.898669 -45.895735 -3.882578 84.939628 -50.233693 -103.305224 105.245041 62.468468 -105.751720 18.362110 82.554358 -61.654369 -76.965730 85.369135 50.206260 -99.567112 -13.840755 101.302633 -36.526390 -129.207326 117.984832 135.642162 -168.275690 -77.204979 171.117149 -10.069141 -145.934009 101.396421 94.745219 -156.086025 -42.820019 159.854654 -11.804935 -147.472922 73.915556 129.360796 -127.246856 -106.958317 165.260220 61.054210 -160.552750 18.080534 117.107500 -85.586736 -68.946911 123.297428 15.583958 -126.419337 23.817905 92.919792 -41.223347 -66.229285 63.822529 50.628801 -76.057220 -22.527779 67.666298 -4.719030 -52.967323 31.337197 23.647955 -52.337351 7.617376 44.797835 -18.912535 -23.146484 19.017296 6.346437 -12.983707 5.195054 3.283289 -6.579990 0.442019 1.824780 
28.183780 43.783180 -161.304068 -147.204815 383.369360 23.125151 -326.777102 342.230170 32.092729 -631.102514 367.732941 765.594761 -782.255206 -461.689158 786.562136 -138.821108 -612.252860 453.336162 568.711779 -627.108424 -366.486385 735.986548 101.302633 -751.012448 264.084838 960.419437 -868.516853 -1005.319551 1244.626937 567.081752 -1269.909173 76.877773 1084.964008 -749.476486 -700.226262 1152.073611 311.636821 -1180.170963 90.220842 1093.677810 -545.750883 -959.367246 937.488931 792.194841 -1221.851222 -450.211840 1189.956755 -137.763399 -868.201627 633.957243 510.562312 -910.847603 -112.177839 934.634383 -180.022115 -686.894632 304.729361 490.133334 -471.434924 -375.802926 561.864456 165.334035 -500.451366 36.368269 392.691446 -232.592463 -175.111179 388.823180 -57.949848 -331.975319 141.164232 170.672069 -141.453930 -46.678240 96.257991 -39.034332 -23.816903 49.173513 -3.581197 -13.502503 
-9.565990 -15.600311 56.821804 53.147196 -136.790446 -9.281863 116.695998 -121.090669 -12.185594 223.597817 -129.754590 -272.258642 278.073158 164.408283 -278.803085 49.802589 215.227645 -160.548176 -201.343659 221.656235 130.106866 -259.912323 -36.526390 264.084838 -92.113082 -339.933671 307.528311 357.252495 -440.646160 -201.426144 449.486013 -26.849599 -383.685336 266.013478 246.984551 -408.026305 -110.067168 416.916257 -31.673103 -386.674852 192.868751 338.910936 -331.110652 -279.964777 432.425877 159.642541 -421.153549 49.224776 307.024879 -225.415070 -180.097046 322.738111 38.690018 -330.577692 64.595500 242.070613 -107.739682 -172.508055 166.823373 132.692610 -199.124836 -58.038575 176.751728 -13.224247 -139.097045 82.619974 61.730006 -138.207110 21.320496 117.623734 -50.508725 -60.205006 50.355812 16.275713 -34.192568 14.177232 8.228158 -17.658010 1.400566 4.794925 
-36.344586 -55.816457 206.539395 186.940795 -489.402930 -28.621777 415.997546 -436.510088 -39.959937 805.352890 -470.603292 -977.454374 997.827282 589.276215 -1003.606914 176.562883 782.393207 -579.761656 -726.818245 802.080825 469.192021 -941.167373 -129.207326 960.419437 -339.933671 -1225.773885 1109.964414 1283.877435 -1590.711453 -725.616471 1621.625478 -98.059063 -1385.111620 956.965386 895.370860 -1471.909069 -399.604715 1508.717001 -115.017260 -1397.218381 697.998983 1226.276404 -1198.158346 -1012.243460 1561.178454 575.343984 -1520.434313 175.067826 1110.296628 -809.392137 -653.266309 1162.857862 144.494798 -1193.630006 228.910654 878.439461 -389.275595 -626.356418 602.726079 479.460784 -718.596457 -211.829759 638.487171 -46.053674 -501.845678 296.324113 223.947272 -495.747316 73.284911 423.702003 -179.799034 -218.319519 180.372029 59.860884 -122.880416 49.581677 30.607566 -62.542220 4.446979 17.240352 
32.571516 50.717235 -187.097445 -170.030860 443.969130 26.778045 -377.378584 395.013836 36.549598 -730.051947 426.472395 886.793593 -904.715452 -535.176041 908.833410 -160.178259 -707.457360 526.325648 658.564710 -726.820418 -426.764015 852.317807 117.984832 -868.516853 307.528311 1109.964414 -1007.129815 -1164.355908 1441.301897 658.571447 -1468.719741 88.088991 1253.969177 -868.062568 -810.235971 1334.971892 362.543400 -1367.474915 103.458836 1264.975955 -631.834555 -1109.770365 1086.107445 917.153941 -1414.615978 -522.058671 1377.321204 -158.449406 -1004.535950 734.255434 590.492266 -1054.690957 -130.319335 1082.472260 -207.742241 -795.404792 353.240132 566.924781 -545.888734 -434.607283 651.722757 191.583699 -578.788645 41.808138 454.211188 -269.490435 -202.550409 449.410962 -67.044364 -384.025778 163.346030 197.724878 -163.704448 -53.999318 111.355973 -45.196959 -27.550900 56.856325 -4.118680 -15.634269 
38.077201 58.513905 -216.604705 -195.463564 512.200066 29.729933 -435.454688 456.720930 41.248310 -843.085124 494.499614 1024.196226 -1045.064137 -617.803182 1051.442566 -184.434344 -818.708805 608.226878 760.905465 -841.008491 -493.043346 985.773310 135.642162 -1005.319551 357.252495 1283.877435 -1164.355908 -1345.196587 1665.893878 761.305798 -1698.193499 102.151414 1450.193305 -1003.285472 -937.759591 1542.752607 418.842080 -1581.446989 119.854536 1463.568426 -731.031268 -1284.117991 1256.222937 1060.177145 -1636.039158 -603.045725 1592.582972 -182.641546 -1162.172613 848.705810 684.176079 -1219.653423 -151.876865 1251.214270 -239.127056 -920.483002 407.988419 656.429031 -631.219505 -502.427242 752.775636 222.091575 -669.954878 47.915831 525.063647 -310.445206 -234.556009 519.358898 -76.607316 -443.682560 188.251074 228.855708 -188.864457 -62.707126 128.665553 -51.824450 -32.146203 65.474005 -4.607939 -18.068368 
-47.025278 -72.547013 267.651322 242.777658 -634.780819 -37.510992 540.142425 -566.486854 -51.845690 1044.555014 -611.141004 -1268.372650 1295.056253 765.644772 -1302.546830 229.043436 1014.087848 -753.213408 -943.218552 1041.046646 609.686518 -1221.170669 -168.275690 1244.626937 -440.646160 -1590.711453 1441.301897 1665.893878 -2064.295974 -942.554474 2104.359107 -126.606207 -1796.812221 1242.548174 1161.714725 -1910.263502 -518.592398 1958.367081 -148.551490 -1812.012421 904.907541 1589.992714 -1555.204991 -1312.934418 2025.262017 747.359912 -1972.480848 226.847643 1439.889189 -1051.481545 -846.504371 1509.793109 187.322999 -1550.183268 296.941297 1139.197367 -505.534777 -812.550151 781.845921 622.951391 -932.305843 -274.802578 829.343063 -59.673512 -650.908805 384.976927 290.102131 -643.197073 95.375565 550.407838 -233.569307 -283.371461 234.128251 77.495638 -159.428317 64.417204 39.630230 -81.249062 5.802917 22.381699 
-21.335962 -33.078647 122.456182 110.904894 -290.533172 -17.353306 246.850002 -258.277455 -23.561363 476.291251 -278.801423 -579.693544 591.481862 350.267454 -593.485021 104.363011 462.745149 -344.006669 -431.001707 476.046737 279.096233 -556.699234 -77.204979 567.081752 -201.426144 -725.616471 658.571447 761.305798 -942.554474 -430.789881 959.485809 -57.356313 -818.931936 567.571311 529.930861 -872.185203 -237.474811 894.298771 -67.293961 -826.280684 412.916343 725.616434 -710.602674 -598.942965 924.534711 341.599173 -900.052645 103.188905 656.258878 -479.482650 -385.979750 689.320548 85.475806 -707.261209 135.436180 519.768539 -230.714349 -370.615430 357.471040 283.753040 -426.046053 -125.381993 378.115754 -27.203153 -296.776864 175.866978 132.362571 -294.298879 43.702340 251.593687 -106.610145 -129.247974 106.948838 35.339795 -72.791484 29.496738 18.088185 -37.123472 2.663207 10.217873 
48.033347 73.882114 -273.648597 -247.469880 646.952448 38.012636 -550.702383 577.555494 52.933906 -1065.639027 623.359239 1293.016711 -1320.640941 -779.657866 1327.927740 -233.602322 -1034.813747 767.480696 960.778259 -1061.434602 -621.559124 1245.090431 171.117149 -1269.909173 449.486013 1621.625478 -1468.719741 -1698.193499 2104.359107 959.485809 -2145.998153 129.550185 1832.809357 -1266.840562 -1184.047689 1947.577005 528.128090 -1996.341758 152.025095 1848.069684 -922.662609 -1622.593493 1585.886624 1338.788103 -2064.808713 -760.640872 2011.481392 -231.538664 -1467.817420 1071.761369 864.064075 -1539.229274 -191.003545 1580.154347 -303.232085 -1161.707657 515.139174 828.937085 -797.079634 -634.974028 950.212807 280.071188 -845.681331 60.902932 663.381312 -392.274747 -296.165108 656.209983 -97.137853 -560.256609 237.973398 288.761790 -238.644247 -79.082512 162.563345 -65.583159 -40.465524 82.759009 -5.899439 -22.809724 
-2.941111 -4.452353 16.381747 14.919116 -38.834677 -2.216810 33.035598 -34.999092 -3.288491 64.277631 -37.271314 -77.658448 79.569482 46.618272 -80.319768 14.177245 62.504844 -46.002497 -57.814706 63.569594 36.985804 -74.997324 -10.069141 76.877773 -26.849599 -98.059063 88.088991 102.151414 -126.606207 -57.356313 129.550185 -8.063967 -110.801591 76.095242 71.336673 -116.932146 -31.486001 120.064624 -9.442099 -111.583363 55.534038 98.080884 -95.150760 -80.711934 124.231810 45.642166 -121.322920 14.178685 88.659108 -64.498032 -52.129093 92.462065 11.453527 -94.987443 18.364465 70.054212 -31.058314 -50.114060 47.915936 38.385207 -57.184801 -16.858223 50.855481 -3.714371 -40.025619 23.649157 17.903461 -39.462927 5.813083 33.664172 -14.313290 -17.382028 14.368282 4.798108 -9.785793 3.924642 2.428678 -4.970886 0.353386 1.370090 
-41.001778 -63.130925 233.291865 211.290167 -552.317523 -32.348225 470.386619 -493.574813 -45.177143 909.905401 -532.216459 -1103.734292 1127.234053 665.582324 -1133.832415 199.414027 883.243916 -655.196810 -820.821304 906.003412 530.136487 -1063.301727 -145.934009 1084.964008 -383.685336 -1385.111620 1253.969177 1450.193305 -1796.812221 -818.931936 1832.809357 -110.801591 -1565.124937 1081.530459 1011.289816 -1662.646996 -450.858641 1704.076969 -129.877565 -1578.727946 788.183887 1385.067914 -1353.471856 -1143.390295 1763.536244 649.295364 -1717.400526 197.784188 1253.286060 -915.180941 -737.036590 1313.846025 163.166443 -1348.893749 258.566186 991.572300 -440.352680 -707.670400 680.461163 541.910815 -811.507335 -239.198721 721.769298 -51.963197 -566.451913 335.717255 252.959995 -559.593912 82.819802 478.585454 -203.138209 -246.590527 203.733546 67.569979 -138.793109 55.997976 34.548982 -70.674456 5.027071 19.474337 
28.285665 43.650826 -161.446832 -146.234579 382.442448 22.667128 -325.422009 340.850108 31.183803 -629.484593 367.689653 764.281600 -779.968184 -460.463425 783.909000 -137.849698 -610.802276 453.213889 567.439436 -626.950516 -367.508831 735.433258 101.396421 -749.476486 266.013478 956.965386 -868.062568 -1003.285472 1242.548174 567.571311 -1266.840562 76.095242 1081.530459 -748.150959 -699.450557 1150.704717 312.840905 -1178.827902 89.354024 1090.916726 -545.585130 -957.696971 936.505568 790.088321 -1219.399673 -449.902243 1188.141945 -136.424396 -866.859649 632.500383 510.084542 -908.938219 -112.831686 933.377025 -178.785470 -686.233072 304.517650 489.491776 -470.952209 -375.024527 561.910496 165.433261 -498.742124 35.931974 391.944602 -231.913035 -174.777429 387.889573 -57.431832 -331.558203 140.642357 170.510752 -141.042945 -46.651214 96.041062 -38.828423 -23.887656 48.941109 -3.499446 -13.476545 
26.281611 40.815028 -150.629239 -137.223689 358.152291 21.607787 -304.417290 318.944925 29.704122 -588.101942 343.738179 714.727212 -729.340010 -430.815689 733.646825 -129.334417 -570.533217 423.120359 530.465990 -585.418843 -343.422422 686.838345 94.745219 -700.226262 246.984551 895.370860 -810.235971 -937.759591 1161.714725 529.930861 -1184.047689 71.336673 1011.289816 -699.450557 -652.896042 1074.807661 290.961693 -1101.394972 83.742159 1020.034888 -509.121710 -894.578940 875.159349 738.498824 -1139.408214 -419.979172 1110.630525 -128.063917 -809.540295 591.145346 476.007311 -849.364396 -104.803910 871.606688 -167.640913 -640.487970 284.744476 456.750564 -439.611811 -350.064236 524.436839 154.338926 -466.883821 33.819860 366.581500 -216.916803 -163.360580 362.549516 -54.085593 -309.506504 131.637725 159.240274 -131.890868 -43.556328 89.779502 -36.388161 -22.254839 45.887800 -3.332400 -12.596271 
-43.316309 -67.153530 248.505539 224.991750 -588.207238 -35.044251 499.920425 -523.856456 -48.077355 967.044899 -565.590947 -1174.921206 1199.587882 709.210572 -1205.136237 212.053330 938.529047 -697.814410 -873.300015 964.278410 564.737499 -1129.945418 -156.086025 1152.073611 -408.026305 -1471.909069 1334.971892 1542.752607 -1910.263502 -872.185203 1947.577005 -116.932146 -1662.646996 1150.704717 1074.807661 -1768.992954 -480.298408 1812.843632 -137.186361 -1676.873713 837.956473 1471.884081 -1440.313836 -1214.989299 1875.328821 691.604952 -1826.033358 209.865496 1331.832287 -972.860051 -783.068232 1398.143668 173.271944 -1434.597530 274.960412 1054.345399 -467.675052 -752.057472 723.764533 575.676979 -862.956242 -254.093476 766.918269 -55.292418 -602.095957 356.985455 268.568942 -596.146364 88.506439 509.363692 -216.332124 -261.815763 216.848961 71.664468 -147.678907 59.811459 36.695591 -75.329627 5.403353 20.727564 
-11.542158 -18.263336 67.229311 61.567712 -160.273560 -10.089728 136.481116 -142.198843 -13.442980 262.758782 -153.336817 -320.009440 325.485521 192.940475 -327.232541 57.822501 254.353941 -189.261217 -236.550939 261.009728 153.506212 -306.649709 -42.820019 311.636821 -110.067168 -399.604715 362.543400 418.842080 -518.592398 -237.474811 528.128090 -31.486001 -450.858641 312.840905 290.961693 -480.298408 -130.250215 491.289392 -37.009777 -454.346758 227.117291 398.880238 -390.658076 -329.954466 508.817808 187.912903 -495.520143 57.165449 361.200579 -264.367174 -212.171109 379.707077 46.472812 -389.225260 75.097790 286.144510 -126.937531 -203.553324 196.504506 156.119381 -234.390564 -68.763433 208.201159 -15.182179 -163.508434 96.954273 72.805628 -162.060147 24.436225 138.305480 -58.940890 -71.001399 58.964338 19.325744 -40.123093 16.412229 9.848793 -20.572683 1.534959 5.631298 
44.287401 68.859126 -253.893876 -231.037239 603.518293 36.243949 -513.221184 537.935331 49.795479 -991.744739 579.592504 1204.358898 -1229.219898 -726.013252 1235.537646 -217.686018 -961.505413 714.403865 894.030636 -986.967314 -578.338650 1157.948986 159.854654 -1180.170963 416.916257 1508.717001 -1367.474915 -1581.446989 1958.367081 894.298771 -1996.341758 120.064624 1704.076969 -1178.827902 -1101.394972 1812.843632 491.289392 -1856.461567 141.005256 1719.223548 -858.838520 -1508.866705 1475.379622 1245.514220 -1921.159862 -708.790153 1871.415301 -215.633563 -1365.582688 997.572304 803.231518 -1432.333875 -177.063958 1470.413999 -282.360566 -1079.622970 479.835029 770.828066 -741.206288 -590.415958 884.340961 260.681110 -786.443918 56.900050 617.467105 -365.238005 -275.782889 610.827830 -90.976089 -521.973397 221.872360 268.127165 -222.341682 -73.385541 151.337411 -61.318599 -37.529846 77.259314 -5.590042 -21.241506 
-3.477665 -5.220165 19.251727 17.432196 -45.457108 -2.534473 38.757238 -41.020982 -3.780635 75.354465 -43.870327 -91.136739 93.289251 54.691998 -94.107447 16.573072 73.411433 -53.968678 -67.765614 74.669159 43.527574 -88.035460 -11.804935 90.220842 -31.673103 -115.017260 103.458836 119.854536 -148.551490 -67.293961 152.025095 -9.442099 -129.877565 89.354024 83.742159 -137.186361 -37.009777 141.005256 -11.039836 -131.028465 65.216745 115.063280 -111.804647 -94.701868 145.748378 53.514759 -142.258905 16.565323 104.032611 -75.684388 -61.264837 108.524553 13.525014 -111.504271 21.463747 82.238808 -36.408438 -58.874122 56.288798 44.989092 -67.034642 -19.826647 59.693935 -4.322472 -46.939545 27.732960 21.020462 -46.299480 6.768374 39.585016 -16.759063 -20.416686 16.841232 5.634436 -11.473814 4.580760 2.866501 -5.815690 0.405304 1.608072 
-41.172484 -63.749130 235.142505 213.687897 -557.545404 -33.210702 474.799579 -497.608891 -46.083561 918.224116 -536.690240 -1114.247502 1138.176141 672.204239 -1144.205779 201.607681 890.374402 -660.695747 -827.989094 913.513472 534.865209 -1072.374155 -147.472922 1093.677810 -386.674852 -1397.218381 1264.975955 1463.568426 -1812.012421 -826.280684 1848.069684 -111.583363 -1578.727946 1090.916726 1020.034888 -1676.873713 -454.346758 1719.223548 -131.028465 -1592.393989 794.459942 1397.089368 -1365.122178 -1153.450587 1778.582749 655.225488 -1733.252652 199.808827 1264.789717 -923.543602 -743.942159 1326.047614 164.029138 -1360.888601 261.427623 1000.095805 -443.583100 -713.725192 686.207480 546.424839 -818.949663 -241.260534 727.886053 -52.706981 -571.536910 338.867117 254.604446 -565.150352 84.025170 482.601062 -205.281972 -248.912049 205.703128 67.994086 -140.099628 56.716520 34.780562 -71.466422 5.145079 19.657921 
20.478829 31.848521 -117.467404 -106.875136 278.978672 16.777621 -237.251395 248.546274 23.043242 -458.101075 267.786247 556.390785 -567.978869 -335.524174 570.944500 -100.680535 -444.712089 329.882201 414.068507 -455.975195 -267.075445 535.816494 73.915556 -545.750883 192.868751 697.998983 -631.834555 -731.031268 904.907541 412.916343 -922.662609 55.534038 788.183887 -545.585130 -509.121710 837.956473 227.117291 -858.838520 65.216745 794.459942 -397.099644 -697.166606 681.925759 575.388449 -888.850621 -327.412948 865.205568 -99.751952 -631.462489 461.061514 371.606148 -662.193549 -81.866037 679.390811 -130.572760 -499.280449 221.700068 356.453425 -343.293995 -273.104296 408.878564 120.337470 -363.175337 26.321492 285.727272 -169.089906 -127.255697 282.501506 -42.110963 -241.298210 102.570195 124.177557 -102.751220 -33.949643 69.983381 -28.372785 -17.325820 35.767842 -2.586810 -9.820681 
36.158093 55.908369 -206.296224 -187.465319 488.973111 29.063579 -415.935793 437.114673 40.437359 -805.294701 470.270958 978.147772 -998.911989 -589.009335 1004.156283 -176.940211 -781.597418 579.322606 726.866149 -801.759270 -468.802713 941.132072 129.360796 -959.367246 338.910936 1226.276404 -1109.770365 -1284.117991 1589.992714 725.616434 -1622.593493 98.080884 1385.067914 -957.696971 -894.578940 1471.884081 398.880238 -1508.866705 115.063280 1397.089368 -697.166606 -1225.741463 1197.538016 1011.806163 -1560.948722 -575.396373 1520.544704 -175.411129 -1109.875426 810.411172 652.417738 -1162.996357 -143.992261 1194.378651 -229.414049 -877.571829 389.706566 626.830516 -602.295506 -479.861861 717.927171 211.531812 -639.094824 46.254077 502.076893 -297.346848 -223.851214 495.667329 -73.604523 -423.460404 180.070466 218.233451 -180.527890 -59.786870 122.861275 -49.735079 -30.481979 62.698702 -4.506743 -17.247831 
-35.132442 -54.656454 201.784502 183.715038 -479.600572 -29.013528 408.070591 -427.234841 -39.619543 788.021647 -460.732525 -957.492068 976.843058 576.871748 -981.464142 173.010513 763.477060 -567.114574 -710.660761 783.807527 459.350481 -919.324130 -127.246856 937.488931 -331.110652 -1198.158346 1086.107445 1256.222937 -1555.204991 -710.602674 1585.886624 -95.150760 -1353.471856 936.505568 875.159349 -1440.313836 -390.658076 1475.379622 -111.804647 -1365.122178 681.925759 1197.538016 -1171.642016 -989.715927 1526.809768 562.657541 -1487.090712 171.243408 1083.895681 -792.098825 -637.617861 1138.230721 140.519652 -1168.532642 224.427641 857.658585 -380.756691 -611.850534 589.133248 468.418223 -703.116068 -206.623840 624.999199 -45.246801 -490.875981 290.311905 218.626273 -485.867387 72.433095 414.125633 -176.376270 -213.318793 176.625483 58.276626 -120.222720 48.763451 29.790676 -61.459172 4.462614 16.880298 
-29.920685 -46.179745 170.450678 154.665299 -404.559969 -23.969440 344.111520 -360.528385 -33.175332 664.961045 -389.044978 -806.773191 824.229483 486.364641 -828.399120 145.910953 645.463392 -479.022281 -599.435585 662.227658 387.738368 -776.755293 -106.958317 792.194841 -279.964777 -1012.243460 917.153941 1060.177145 -1312.934418 -598.942965 1338.788103 -80.711934 -1143.390295 790.088321 738.498824 -1214.989299 -329.954466 1245.514220 -94.701868 -1153.450587 575.388449 1011.806163 -989.715927 -835.121574 1288.631572 474.657509 -1255.101491 144.562358 915.721424 -668.215615 -538.280084 960.866618 119.042296 -985.992239 189.114834 724.646637 -321.659805 -516.871099 497.761228 395.681494 -593.145734 -174.680147 527.838992 -38.114643 -413.931513 245.148059 184.754234 -409.519767 60.755382 349.468111 -148.641426 -180.197603 149.017592 49.272122 -101.487399 41.009327 25.236874 -51.682079 3.708566 14.234737 
