0.284627 -0.105265 -0.0746878 -0.0679545 -0.00702876 0.220023 0.151713 0.0464619 -0.180059 -0.0977215 -0.137766 0.0893977 0.180726 -0.0369705 -0.069682 -0.145499 -0.0831805 0.0588796 0.197711 0.0212934 0.000521141 -0.0844683 -0.0868597 0.113176 0.09486 0.0869559 -0.066173 -0.0635404 -0.159342 -0.00365608 0.0902939 -0.0412311 0.0694983 -0.0956796 -0.0119282 0.0265143 0.0891014 0.0910708 -0.0119245 0.026515 -0.126006 0.0217491 -0.00112737 -0.0361938 0.0261108 -0.0564215 -0.0137001 -0.0148582 0.0610313 0.0133945 
-0.105265 0.0914262 -0.00967431 0.0246161 -0.00897957 -0.127156 -0.0377047 -0.0223477 0.0865535 0.0448012 0.0467778 -0.0515798 -0.0570313 0.0335631 0.0282772 0.0818939 0.012058 -0.0480042 -0.0818171 0.00577567 0.00176234 0.0467556 0.01973 -0.0858352 -0.0323543 -0.0415455 0.057844 0.0476464 0.0673273 -0.0118074 -0.040213 0.0265228 -0.0304005 0.0785425 -0.0194075 -0.0249832 -0.0472808 -0.0613289 0.0201439 -0.00177948 0.0630812 -0.018022 0.0102818 0.0116134 -0.00863531 0.0559618 -0.0118394 0.00229512 -0.0273601 -0.0224167 
-0.0746878 -0.00967431 0.122914 0.0192411 0.00703308 -0.00858563 -0.0974146 0.0230337 0.0592159 0.00822314 0.0268421 -0.0378068 -0.103024 0.0142239 0.0718125 0.013501 0.0335826 -0.0322472 -0.0938227 0.0118829 0.0621606 0.0263334 0.0468135 -0.0367884 -0.0915033 0.0309195 0.0213788 0.022906 0.0559634 -0.0438104 -0.0870767 0.00203565 0.0207508 0.00569108 0.0689657 -0.0141025 -0.0507533 0.0143961 -0.00677559 0.0331715 0.039347 -0.0219456 -0.0467232 0.00162602 -0.00623182 -0.0113782 0.0615116 -0.00815868 -0.0359452 0.0161145 
-0.0679545 0.0246161 0.0192411 0.0576828 0.00690373 -0.0708548 -0.0356998 -0.0202494 0.0226759 0.045176 0.0505188 -0.0297626 -0.0355967 -0.00780572 -0.01008 0.0505228 0.0337685 -0.000466071 -0.032135 -0.0334963 -0.0297852 0.0247256 0.0302167 -0.00121177 0.00792752 -0.0480936 -0.00974098 0.0173803 0.0294272 0.0259713 0.012438 -0.00717011 -0.036415 0.0171024 -0.00701063 0.0128263 0.00261908 -0.0192269 -0.00669173 -0.0189935 0.0147846 0.0117474 0.0176989 0.00446552 -0.00445658 0.00377322 -0.0134371 0.0129258 -0.00131066 -0.00784597 
-0.00702876 -0.00897957 0.00703308 0.00690373 0.0496416 0.0112416 -0.0122585 -0.0163163 -0.0261499 0.020217 0.0176632 0.028421 -0.00104202 -0.0461875 -0.0430528 -0.00887574 0.0402054 0.0398795 0.0368443 -0.0380723 -0.0537475 -0.00685448 0.0165347 0.0743012 0.0357124 -0.0324713 -0.0571709 -0.0362275 -0.00690324 0.0525685 0.0511478 -0.0209607 -0.0317139 -0.0439506 -0.010378 0.0390066 0.0442837 0.012759 -0.01468 -0.0348847 -0.0229138 0.0327471 0.0240183 0.00818816 -0.00728899 -0.0343541 -0.0167248 0.00643886 0.0276607 0.00777486 
0.220023 -0.127156 -0.00858563 -0.0708548 0.0112416 0.271857 0.0816177 0.0417659 -0.155017 -0.106872 -0.110743 0.104036 0.126759 -0.0513398 -0.0479786 -0.158702 -0.0460957 0.0812138 0.155092 0.0101377 0.0114264 -0.0986546 -0.0475761 0.140551 0.0607956 0.0962701 -0.0845736 -0.0877914 -0.131401 0.011634 0.0649978 -0.0339331 0.0720661 -0.135016 0.0301225 0.040518 0.0773714 0.117214 -0.0311148 0.0164429 -0.114354 0.0248626 -0.0239564 -0.0228035 0.0203939 -0.0914329 0.0218076 -0.0131001 0.0473231 0.0390265 
0.151713 -0.0377047 -0.0974146 -0.0356998 -0.0122585 0.0816177 0.161598 0.00795228 -0.116078 -0.029513 -0.0823233 0.0526329 0.136435 -0.0187521 -0.0781054 -0.0751073 -0.0473692 0.0341599 0.143113 0.00782768 -0.0330486 -0.035648 -0.0745956 0.0702577 0.091682 0.00588837 -0.0375716 -0.0335838 -0.10673 0.0182631 0.101159 -0.0191303 0.00727708 -0.0302989 -0.049253 0.0092353 0.0705171 0.0221131 0.000603022 -0.0113718 -0.0653223 0.0326036 0.0284604 -0.0188268 0.0152457 -0.0108964 -0.0538899 -0.00100832 0.0604901 -0.017213 
0.0464619 -0.0223477 0.0230337 -0.0202494 -0.0163163 0.0417659 0.00795228 0.0754744 0.00341498 -0.0323286 -0.0605757 -0.0185589 -0.0192858 0.030299 0.063517 -0.0400684 -0.0361273 -0.0568311 -0.0116392 0.0578267 0.0880014 0.0137736 -0.0174321 -0.0586842 -0.0685034 0.0758791 0.0425965 0.0280434 -0.00329807 -0.0807779 -0.0716164 0.00641844 0.0677996 0.0276124 0.0451864 -0.0372555 -0.0433214 0.0134494 0.0116067 0.0700673 0.0049369 -0.0312554 -0.0475574 -0.0149633 -0.00319989 0.0148278 0.0434131 -0.0277833 -0.0164343 -0.00734578 
-0.180059 0.0865535 0.0592159 0.0226759 -0.0261499 -0.155017 -0.116078 0.00341498 0.205044 0.0275366 0.0617733 -0.09694 -0.151114 0.0925863 0.136939 0.110119 0.000313439 -0.110616 -0.203332 0.0604077 0.0965764 0.0777492 0.0445574 -0.194253 -0.154554 0.00794393 0.132926 0.0920887 0.139012 -0.0906864 -0.175703 0.0607554 0.0126182 0.126959 0.0438174 -0.0834094 -0.140529 -0.0807869 0.0376603 0.0500504 0.130684 -0.0723623 -0.0413901 0.0160489 -0.0112821 0.0861284 0.0641405 -0.00828486 -0.0889361 -0.0124481 
-0.0977215 0.0448012 0.00822314 0.045176 0.020217 -0.106872 -0.029513 -0.0323286 0.0275366 0.106886 0.0544307 -0.0319495 -0.0480263 -0.0257307 -0.0383138 0.054795 0.0695673 -0.0055532 -0.0181218 -0.0459039 -0.0547075 0.0420448 0.0254928 0.0204067 0.0143111 -0.0866793 -0.019083 0.0185429 0.0391374 0.0428189 0.0436296 -0.0127971 -0.0717399 0.0301451 -0.0233522 0.0164927 0.0201064 -0.0336714 -0.00443377 -0.0460833 0.0235484 0.0334241 0.0260779 0.0136353 -0.0115043 0.00919062 -0.0424564 0.0108976 0.0172878 -0.0256964 
-0.137766 0.0467778 0.0268421 0.0505188 0.0176632 -0.110743 -0.0823233 -0.0605757 0.0617733 0.0544307 0.139571 -0.0190178 -0.0607628 -0.0157692 -0.0194153 0.0953831 0.0602235 0.0413933 -0.0705313 -0.0652051 -0.0762304 0.0150355 0.057103 0.0064846 0.0188512 -0.0801645 -0.0227138 -0.00170943 0.0664405 0.0726965 0.013252 0.00353553 -0.0722772 -0.00374243 -0.0244128 0.0341578 0.00648527 -0.0406927 -0.00631249 -0.0635233 0.0323711 0.0075303 0.041902 0.0287263 8.92554e-06 0.00244519 -0.0116187 0.0269555 -0.017084 0.0145903 
0.0893977 -0.0515798 -0.0378068 -0.0297626 0.028421 0.104036 0.0526329 -0.0185589 -0.09694 -0.0319495 -0.0190178 0.109302 0.0837567 -0.0663158 -0.0848565 -0.0683259 0.00809813 0.0909306 0.123412 -0.0430368 -0.0788845 -0.0581828 -0.0220017 0.138708 0.0928839 -0.00806544 -0.0897616 -0.0887062 -0.0694799 0.0838859 0.105644 -0.0215122 -0.02032 -0.105456 -0.0320411 0.0598537 0.0927244 0.0454783 -0.0200252 -0.050167 -0.0752262 0.0456006 0.0347291 0.00469933 0.00269891 -0.0653927 -0.0300551 0.00984555 0.0503352 0.0259692 
0.180726 -0.0570313 -0.103024 -0.0355967 -0.00104202 0.126759 0.136435 -0.0192858 -0.151114 -0.0480263 -0.0607628 0.0837567 0.204368 -0.0481196 -0.120273 -0.0705741 -0.0453297 0.0973957 0.171464 -0.0301418 -0.0874734 -0.0853588 -0.0638768 0.134558 0.153246 -0.00426489 -0.0855696 -0.0646118 -0.140829 0.0712498 0.155384 -0.0375048 -0.00743242 -0.0881976 -0.0629597 0.0514347 0.112148 0.0532398 -0.0184993 -0.0512205 -0.102485 0.0472072 0.0549111 -0.0192335 0.0274888 -0.046546 -0.0644931 0.0203288 0.072791 0.00870562 
-0.0369705 0.0335631 0.0142239 -0.00780572 -0.0461875 -0.0513398 -0.0187521 0.030299 0.0925863 -0.0257307 -0.0157692 -0.0663158 -0.0481196 0.115933 0.112833 0.0329494 -0.0543083 -0.0944986 -0.116687 0.0822815 0.112104 0.0389031 -0.0064334 -0.157689 -0.106806 0.0570115 0.114271 0.0775928 0.0514229 -0.109459 -0.136702 0.0427651 0.0574989 0.0968796 0.037471 -0.0847383 -0.108455 -0.0402061 0.0335844 0.0746213 0.077365 -0.066333 -0.0449849 -0.0142481 0.000593983 0.0686373 0.0496172 -0.0112602 -0.0571581 -0.0115999 
-0.069682 0.0282772 0.0718125 -0.01008 -0.0430528 -0.0479786 -0.0781054 0.063517 0.136939 -0.0383138 -0.0194153 -0.0848565 -0.120273 0.112833 0.202444 0.0355708 -0.0579066 -0.13401 -0.173758 0.106499 0.170035 0.0618391 0.0155569 -0.213342 -0.184581 0.102233 0.145273 0.0923353 0.0977836 -0.1581 -0.22051 0.0553983 0.0980635 0.113529 0.084435 -0.102011 -0.160543 -0.0387662 0.0382113 0.122113 0.104251 -0.100296 -0.0832471 -0.0114798 -0.0104114 0.0741479 0.10385 -0.0291665 -0.0937246 0.000678681 
-0.145499 0.0818939 0.013501 0.0505228 -0.00887574 -0.158702 -0.0751073 -0.0400684 0.110119 0.054795 0.0953831 -0.0683259 -0.0705741 0.0329494 0.0355708 0.147305 0.0197035 -0.0344292 -0.120838 -0.0131851 -0.0160928 0.0506202 0.0474958 -0.0964739 -0.0326604 -0.0571103 0.0511525 0.0619156 0.0828046 -0.000624036 -0.0492899 0.0189618 -0.0434759 0.077776 -0.0140629 -0.020463 -0.0545325 -0.0716092 0.0159419 -0.0154314 0.0746456 -0.0287933 0.0202012 0.0150081 0.000926097 0.0571893 -0.001142 0.0151894 -0.0437546 -0.00710373 
-0.0831805 0.012058 0.0335826 0.0337685 0.0402054 -0.0460957 -0.0473692 -0.0361273 0.000313439 0.0695673 0.0602235 0.00809813 -0.0453297 -0.0543083 -0.0579066 0.0197035 0.107478 0.036283 -0.00238182 -0.0625715 -0.0710869 0.012237 0.0398136 0.0817857 0.0239093 -0.081825 -0.0560323 -0.0249043 0.0283792 0.073676 0.0640208 -0.0200764 -0.0750119 -0.026836 -0.00704382 0.045387 0.0438621 -2.09949e-05 -0.021754 -0.0639082 0.000920099 0.0493051 0.0247124 0.0171907 -0.010066 -0.0323008 -0.0332676 0.0146441 0.0295147 -0.00219477 
0.0588796 -0.0480042 -0.0322472 -0.000466071 0.0398795 0.0812138 0.0341599 -0.0568311 -0.110616 -0.0055532 0.0413933 0.0909306 0.0973957 -0.0944986 -0.13401 -0.0344292 0.036283 0.172595 0.125499 -0.097486 -0.143297 -0.0784979 0.000422228 0.188591 0.15403 -0.0575461 -0.138765 -0.105135 -0.0742488 0.145698 0.160583 -0.0404689 -0.0620895 -0.139793 -0.0577553 0.104879 0.130681 0.0473363 -0.0386194 -0.108528 -0.0926954 0.0662529 0.0736616 0.0172663 0.0153414 -0.0846888 -0.0513758 0.0341742 0.0585905 0.0313684 
0.197711 -0.0818171 -0.0938227 -0.032135 0.0368443 0.155092 0.143113 -0.0116392 -0.203332 -0.0181218 -0.0705313 0.123412 0.171464 -0.116687 -0.173758 -0.120838 -0.00238182 0.125499 0.277179 -0.0689933 -0.132862 -0.0795102 -0.0663286 0.225857 0.188082 -0.0253651 -0.153493 -0.119943 -0.151297 0.120718 0.216622 -0.0580825 -0.0306393 -0.141383 -0.075485 0.0973353 0.179135 0.0747796 -0.0316574 -0.0708724 -0.153558 0.089935 0.0641871 -0.00399873 0.00842064 -0.09247 -0.0787884 0.00543067 0.104712 0.00716273 
0.0212934 0.00577567 0.0118829 -0.0334963 -0.0380723 0.0101377 0.00782768 0.0578267 0.0604077 -0.0459039 -0.0652051 -0.0430368 -0.0301418 0.0822815 0.106499 -0.0131851 -0.0625715 -0.097486 -0.0689933 0.121082 0.128492 0.0240725 -0.0260026 -0.130946 -0.11372 0.0852344 0.109472 0.056533 0.0202896 -0.124971 -0.124519 0.0382844 0.07955 0.0787603 0.0486129 -0.0876054 -0.0980891 -0.0113283 0.0316854 0.0877808 0.0528894 -0.0623334 -0.0621751 -0.0185893 0.00524554 0.0571555 0.0552473 -0.0305467 -0.0418964 -0.00978325 
0.000521141 0.00176234 0.0621606 -0.0297852 -0.0537475 0.0114264 -0.0330486 0.0880014 0.0965764 -0.0547075 -0.0762304 -0.0788845 -0.0874734 0.112104 0.170035 -0.0160928 -0.0710869 -0.143297 -0.132862 0.128492 0.221928 0.0462431 -0.0128283 -0.194177 -0.182292 0.13068 0.148229 0.0938566 0.0507284 -0.185529 -0.207167 0.0473682 0.123589 0.106867 0.0988601 -0.114758 -0.151585 -0.00718966 0.0393794 0.141975 0.079242 -0.090371 -0.111629 -0.0228903 0.00187821 0.0662469 0.0986998 -0.0438463 -0.0776784 -0.0103889 
-0.0844683 0.0467556 0.0263334 0.0247256 -0.00685448 -0.0986546 -0.035648 0.0137736 0.0777492 0.0420448 0.0150355 -0.0581828 -0.0853588 0.0389031 0.0618391 0.0506202 0.012237 -0.0784979 -0.0795102 0.0240725 0.0462431 0.0944526 0.0142603 -0.101474 -0.076818 -0.00966789 0.0577906 0.0575002 0.0766225 -0.0549718 -0.0780944 0.0173735 0.00212479 0.0846653 0.0172006 -0.0438446 -0.0620401 -0.0556627 0.0191248 0.0434218 0.0628974 -0.0266647 -0.0176525 -0.000141472 -0.0190176 0.0443558 0.021327 -0.00754962 -0.0261704 -0.0208982 
-0.0868597 0.01973 0.0468135 0.0302167 0.0165347 -0.0475761 -0.0745956 -0.0174321 0.0445574 0.0254928 0.057103 -0.0220017 -0.0638768 -0.0064334 0.0155569 0.0474958 0.0398136 0.000422228 -0.0663286 -0.0260026 -0.0128283 0.0142603 0.0739076 -0.00766631 -0.0267645 -0.0271932 -0.00513976 0.0145577 0.049983 0.0184957 -0.0238623 -0.00670035 -0.0239037 0.00585568 0.0231394 0.0113197 -0.016736 -0.0105922 -0.0137636 -0.0119008 0.0298987 0.00339495 0.00477098 0.0076424 -0.0137266 -0.00287055 0.0106921 0.0124223 -0.012564 0.00462787 
0.113176 -0.0858352 -0.0367884 -0.00121177 0.0743012 0.140551 0.0702577 -0.0586842 -0.194253 0.0204067 0.0064846 0.138708 0.134558 -0.157689 -0.213342 -0.0964739 0.0817857 0.188591 0.225857 -0.130946 -0.194177 -0.101474 -0.00766631 0.334339 0.207254 -0.0933653 -0.210413 -0.148771 -0.131173 0.197649 0.265577 -0.0817557 -0.0978728 -0.19726 -0.0628396 0.145949 0.208718 0.0931353 -0.0639577 -0.145284 -0.146564 0.13567 0.0815792 0.0056405 0.00998454 -0.138723 -0.0926092 0.0359766 0.122537 0.0255102 
0.09486 -0.0323543 -0.0915033 0.00792752 0.0357124 0.0607956 0.091682 -0.0685034 -0.154554 0.0143111 0.0188512 0.0928839 0.153246 -0.106806 -0.184581 -0.0326604 0.0239093 0.15403 0.188082 -0.11372 -0.182292 -0.076818 -0.0267645 0.207254 0.235562 -0.0874332 -0.155797 -0.100632 -0.110571 0.1674 0.228157 -0.0520863 -0.0857169 -0.129562 -0.101201 0.115647 0.170315 0.0380983 -0.0389145 -0.11831 -0.116353 0.0885225 0.101193 0.011236 0.0119256 -0.0726038 -0.102839 0.0355712 0.0871194 0.00983363 
0.0869559 -0.0415455 0.0309195 -0.0480936 -0.0324713 0.0962701 0.00588837 0.0758791 0.00794393 -0.0866793 -0.0801645 -0.00806544 -0.00426489 0.0570115 0.102233 -0.0571103 -0.081825 -0.0575461 -0.0253651 0.0852344 0.13068 -0.00966789 -0.0271932 -0.0933653 -0.0874332 0.157096 0.0648768 0.0186527 -0.0126406 -0.116108 -0.123473 0.0220883 0.119634 0.010949 0.0607325 -0.0558969 -0.0683627 0.0329686 0.0217851 0.106143 0.000126587 -0.0728793 -0.0698734 -0.0127429 0.00906764 0.0163416 0.0802933 -0.0406756 -0.046282 0.0189575 
-0.066173 0.057844 0.0213788 -0.00974098 -0.0571709 -0.0845736 -0.0375716 0.0425965 0.132926 -0.019083 -0.0227138 -0.0897616 -0.0855696 0.114271 0.145273 0.0511525 -0.0560323 -0.138765 -0.153493 0.109472 0.148229 0.0577906 -0.00513976 -0.210413 -0.155797 0.0648768 0.185112 0.102145 0.076234 -0.145649 -0.177565 0.061827 0.0690613 0.141756 0.0462863 -0.11607 -0.151441 -0.049187 0.0541158 0.0930399 0.102873 -0.0848141 -0.073625 -0.00603744 0.00611968 0.0981882 0.0576929 -0.0288485 -0.0801832 -0.0202551 
-0.0635404 0.0476464 0.022906 0.0173803 -0.0362275 -0.0877914 -0.0335838 0.0280434 0.0920887 0.0185429 -0.00170943 -0.0887062 -0.0646118 0.0775928 0.0923353 0.0619156 -0.0249043 -0.105135 -0.119943 0.056533 0.0938566 0.0575002 0.0145577 -0.148771 -0.100632 0.0186527 0.102145 0.121017 0.0575391 -0.104631 -0.113467 0.0205348 0.0302049 0.11629 0.0439146 -0.0767633 -0.0999137 -0.0440901 0.0226671 0.062676 0.0805722 -0.0458052 -0.0390523 -0.0169533 -0.00402107 0.0730859 0.0281022 -0.00780864 -0.0430274 -0.0334773 
-0.159342 0.0673273 0.0559634 0.0294272 -0.00690324 -0.131401 -0.10673 -0.00329807 0.139012 0.0391374 0.0664405 -0.0694799 -0.140829 0.0514229 0.0977836 0.0828046 0.0283792 -0.0742488 -0.151297 0.0202896 0.0507284 0.0766225 0.049983 -0.131173 -0.110571 -0.0126406 0.076234 0.0575391 0.151506 -0.0471033 -0.128832 0.0406331 -0.00465043 0.0878185 0.0301937 -0.0388721 -0.094045 -0.0748417 0.0168065 0.0368061 0.0972069 -0.0441496 -0.0203204 0.0165934 -0.0296309 0.0514282 0.0507508 -0.000601816 -0.0629872 -0.0062873 
-0.00365608 -0.0118074 -0.0438104 0.0259713 0.0525685 0.011634 0.0182631 -0.0807779 -0.0906864 0.0428189 0.0726965 0.0838859 0.0712498 -0.109459 -0.1581 -0.000624036 0.073676 0.145698 0.120718 -0.124971 -0.185529 -0.0549718 0.0184957 0.197649 0.1674 -0.116108 -0.145649 -0.104631 -0.0471033 0.202718 0.191318 -0.0459927 -0.111008 -0.11991 -0.0791405 0.118166 0.146075 0.0139663 -0.0421994 -0.13146 -0.0747135 0.0933484 0.0931723 0.0227222 -0.00305354 -0.0769791 -0.0825748 0.0415873 0.0711099 0.0171973 
0.0902939 -0.040213 -0.0870767 0.012438 0.0511478 0.0649978 0.101159 -0.0716164 -0.175703 0.0436296 0.013252 0.105644 0.155384 -0.136702 -0.22051 -0.0492899 0.0640208 0.160583 0.216622 -0.124519 -0.207167 -0.0780944 -0.0238623 0.265577 0.228157 -0.123473 -0.177565 -0.113467 -0.128832 0.191318 0.299433 -0.0686759 -0.121391 -0.135243 -0.0977014 0.124994 0.194301 0.0542144 -0.052583 -0.151079 -0.122994 0.126656 0.10306 0.00455893 0.0147802 -0.089907 -0.130249 0.0407173 0.121328 -0.000644007 
-0.0412311 0.0265228 0.00203565 -0.00717011 -0.0209607 -0.0339331 -0.0191303 0.00641844 0.0607554 -0.0127971 0.00353553 -0.0215122 -0.0375048 0.0427651 0.0553983 0.0189618 -0.0200764 -0.0404689 -0.0580825 0.0382844 0.0473682 0.0173735 -0.00670035 -0.0817557 -0.0520863 0.0220883 0.061827 0.0205348 0.0406331 -0.0459927 -0.0686759 0.0614901 0.024602 0.0407922 0.00358041 -0.042969 -0.0567863 -0.0210789 0.0306974 0.0265502 0.0371815 -0.0413922 -0.0226554 0.0143702 0.00209274 0.0337497 0.0256178 -0.0145258 -0.0421792 0.00469121 
0.0694983 -0.0304005 0.0207508 -0.036415 -0.0317139 0.0720661 0.00727708 0.0677996 0.0126182 -0.0717399 -0.0722772 -0.02032 -0.00743242 0.0574989 0.0980635 -0.0434759 -0.0750119 -0.0620895 -0.0306393 0.07955 0.123589 0.00212479 -0.0239037 -0.0978728 -0.0857169 0.119634 0.0690613 0.0302049 -0.00465043 -0.111008 -0.121391 0.024602 0.133543 0.0270117 0.0462458 -0.0558864 -0.0731636 0.0233362 0.0264479 0.0996328 0.0030517 -0.0706126 -0.061292 -0.0120536 0.00911424 0.0230785 0.0689407 -0.0356138 -0.0450841 0.0122787 
-0.0956796 0.0785425 0.00569108 0.0171024 -0.0439506 -0.135016 -0.0302989 0.0276124 0.126959 0.0301451 -0.00374243 -0.105456 -0.0881976 0.0968796 0.113529 0.077776 -0.026836 -0.139793 -0.141383 0.0787603 0.106867 0.0846653 0.00585568 -0.19726 -0.129562 0.010949 0.141756 0.11629 0.0878185 -0.11991 -0.135243 0.0407922 0.0270117 0.179287 0.0296654 -0.0995171 -0.125843 -0.0756733 0.0373741 0.0713597 0.111234 -0.0593086 -0.0426343 -0.0138201 -0.00858429 0.104246 0.0240605 -0.0138311 -0.0555472 -0.0459925 
-0.0119282 -0.0194075 0.0689657 -0.00701063 -0.010378 0.0301225 -0.049253 0.0451864 0.0438174 -0.0233522 -0.0244128 -0.0320411 -0.0629597 0.037471 0.084435 -0.0140629 -0.00704382 -0.0577553 -0.075485 0.0486129 0.0988601 0.0172006 0.0231394 -0.0628396 -0.101201 0.0607325 0.0462863 0.0439146 0.0301937 -0.0791405 -0.0977014 0.00358041 0.0462458 0.0296654 0.100789 -0.038747 -0.0676137 0.0140911 -0.00498084 0.0621009 0.0408058 -0.0262123 -0.0607652 -0.0199323 -0.0075713 0.00667436 0.0637471 -0.013045 -0.0264853 0.000273286 
0.0265143 -0.0249832 -0.0141025 0.0128263 0.0390066 0.040518 0.0092353 -0.0372555 -0.0834094 0.0164927 0.0341578 0.0598537 0.0514347 -0.0847383 -0.102011 -0.020463 0.045387 0.104879 0.0973353 -0.0876054 -0.114758 -0.0438446 0.0113197 0.145949 0.115647 -0.0558969 -0.11607 -0.0767633 -0.0388721 0.118166 0.124994 -0.042969 -0.0558864 -0.0995171 -0.038747 0.115021 0.102908 0.02173 -0.0377959 -0.0724986 -0.0683638 0.0569032 0.0614006 0.00957279 -0.00716208 -0.0647401 -0.0405543 0.0243997 0.0460267 0.0148331 
0.0891014 -0.0472808 -0.0507533 0.00261908 0.0442837 0.0773714 0.0705171 -0.0433214 -0.140529 0.0201064 0.00648527 0.0927244 0.112148 -0.108455 -0.160543 -0.0545325 0.0438621 0.130681 0.179135 -0.0980891 -0.151585 -0.0620401 -0.016736 0.208718 0.170315 -0.0683627 -0.151441 -0.0999137 -0.094045 0.146075 0.194301 -0.0567863 -0.0731636 -0.125843 -0.0676137 0.102908 0.177782 0.0466798 -0.0407083 -0.0950769 -0.109801 0.0907799 0.073051 0.00568008 0.00378855 -0.0872113 -0.0748298 0.023425 0.0901007 0.0124164 
0.0910708 -0.0613289 0.0143961 -0.0192269 0.012759 0.117214 0.0221131 0.0134494 -0.0807869 -0.0336714 -0.0406927 0.0454783 0.0532398 -0.0402061 -0.0387662 -0.0716092 -2.09949e-05 0.0473363 0.0747796 -0.0113283 -0.00718966 -0.0556627 -0.0105922 0.0931353 0.0380983 0.0329686 -0.049187 -0.0440901 -0.0748417 0.0139663 0.0542144 -0.0210789 0.0233362 -0.0756733 0.0140911 0.02173 0.0466798 0.10121 -0.0167289 -0.0180583 -0.0624838 0.0220144 -0.0161154 -0.00445457 0.0228247 -0.0564243 -0.00565524 -0.00963236 0.0297907 0.0213419 
-0.0119245 0.0201439 -0.00677559 -0.00669173 -0.01468 -0.0311148 0.000603022 0.0116067 0.0376603 -0.00443377 -0.00631249 -0.0200252 -0.0184993 0.0335844 0.0382113 0.0159419 -0.021754 -0.0386194 -0.0316574 0.0316854 0.0393794 0.0191248 -0.0137636 -0.0639577 -0.0389145 0.0217851 0.0541158 0.0226671 0.0168065 -0.0421994 -0.052583 0.0306974 0.0264479 0.0373741 -0.00498084 -0.0377959 -0.0407083 -0.0167289 0.0511104 0.0280143 0.0181207 -0.0326478 -0.0170432 0.00752669 0.00840682 0.0311309 0.013855 -0.0166974 -0.0294378 -0.00198939 
0.026515 -0.00177948 0.0331715 -0.0189935 -0.0348847 0.0164429 -0.0113718 0.0700673 0.0500504 -0.0460833 -0.0635233 -0.050167 -0.0512205 0.0746213 0.122113 -0.0154314 -0.0639082 -0.108528 -0.0708724 0.0877808 0.141975 0.0434218 -0.0119008 -0.145284 -0.11831 0.106143 0.0930399 0.062676 0.0368061 -0.13146 -0.151079 0.0265502 0.0996328 0.0713597 0.0621009 -0.0724986 -0.0950769 -0.0180583 0.0280143 0.143778 0.037809 -0.0726062 -0.0680644 -0.0220614 -0.0127843 0.0431204 0.0805111 -0.0370044 -0.0543921 -0.0034442 
-0.126006 0.0630812 0.039347 0.0147846 -0.0229138 -0.114354 -0.0653223 0.0049369 0.130684 0.0235484 0.0323711 -0.0752262 -0.102485 0.077365 0.104251 0.0746456 0.000920099 -0.0926954 -0.153558 0.0528894 0.079242 0.0628974 0.0298987 -0.146564 -0.116353 0.000126587 0.102873 0.0805722 0.0972069 -0.0747135 -0.122994 0.0371815 0.0030517 0.111234 0.0408058 -0.0683638 -0.109801 -0.0624838 0.0181207 0.037809 0.132245 -0.0448378 -0.0342341 -0.00162633 -0.011867 0.0719085 0.0341982 -0.000995919 -0.0567879 -0.0240815 
0.0217491 -0.018022 -0.0219456 0.0117474 0.0327471 0.0248626 0.0326036 -0.0312554 -0.0723623 0.0334241 0.0075303 0.0456006 0.0472072 -0.066333 -0.100296 -0.0287933 0.0493051 0.0662529 0.089935 -0.0623334 -0.090371 -0.0266647 0.00339495 0.13567 0.0885225 -0.0728793 -0.0848141 -0.0458052 -0.0441496 0.0933484 0.126656 -0.0413922 -0.0706126 -0.0593086 -0.0262123 0.0569032 0.0907799 0.0220144 -0.0326478 -0.0726062 -0.0448378 0.0968156 0.0371583 -0.00797841 -0.00282932 -0.0518247 -0.058873 0.0253486 0.0657305 -0.00789726 
-0.00112737 0.0102818 -0.0467232 0.0176989 0.0240183 -0.0239564 0.0284604 -0.0475574 -0.0413901 0.0260779 0.041902 0.0347291 0.0549111 -0.0449849 -0.0832471 0.0202012 0.0247124 0.0736616 0.0641871 -0.0621751 -0.111629 -0.0176525 0.00477098 0.0815792 0.101193 -0.0698734 -0.073625 -0.0390523 -0.0203204 0.0931723 0.10306 -0.0226554 -0.061292 -0.0426343 -0.0607652 0.0614006 0.073051 -0.0161154 -0.0170432 -0.0680644 -0.0342341 0.0371583 0.0941659 0.011712 -0.008949 -0.0203177 -0.0556984 0.0265991 0.0407088 0.000262854 
-0.0361938 0.0116134 0.00162602 0.00446552 0.00818816 -0.0228035 -0.0188268 -0.0149633 0.0160489 0.0136353 0.0287263 0.00469933 -0.0192335 -0.0142481 -0.0114798 0.0150081 0.0171907 0.0172663 -0.00399873 -0.0185893 -0.0228903 -0.000141472 0.0076424 0.0056405 0.011236 -0.0127429 -0.00603744 -0.0169533 0.0165934 0.0227222 0.00455893 0.0143702 -0.0120536 -0.0138201 -0.0199323 0.00957279 0.00568008 -0.00445457 0.00752669 -0.0220614 -0.00162633 -0.00797841 0.011712 0.0435475 -0.00115258 -0.00258327 -0.00570728 -0.00228789 -0.0110967 0.00603534 
0.0261108 -0.00863531 -0.00623182 -0.00445658 -0.00728899 0.0203939 0.0152457 -0.00319989 -0.0112821 -0.0115043 8.92554e-06 0.00269891 0.0274888 0.000593983 -0.0104114 0.000926097 -0.010066 0.0153414 0.00842064 0.00524554 0.00187821 -0.0190176 -0.0137266 0.00998454 0.0119256 0.00906764 0.00611968 -0.00402107 -0.0296309 -0.00305354 0.0147802 0.00209274 0.00911424 -0.00858429 -0.0075713 -0.00716208 0.00378855 0.0228247 0.00840682 -0.0127843 -0.011867 -0.00282932 -0.008949 -0.00115258 0.044594 -0.00231432 -0.00558156 -0.0015996 -0.000930495 0.00718346 
-0.0564215 0.0559618 -0.0113782 0.00377322 -0.0343541 -0.0914329 -0.0108964 0.0148278 0.0861284 0.00919062 0.00244519 -0.0653927 -0.046546 0.0686373 0.0741479 0.0571893 -0.0323008 -0.0846888 -0.09247 0.0571555 0.0662469 0.0443558 -0.00287055 -0.138723 -0.0726038 0.0163416 0.0981882 0.0730859 0.0514282 -0.0769791 -0.089907 0.0337497 0.0230785 0.104246 0.00667436 -0.0647401 -0.0872113 -0.0564243 0.0311309 0.0431204 0.0719085 -0.0518247 -0.0203177 -0.00258327 -0.00231432 0.101074 0.0130198 -0.0170053 -0.0450939 -0.0264641 
-0.0137001 -0.0118394 0.0615116 -0.0134371 -0.0167248 0.0218076 -0.0538899 0.0434131 0.0641405 -0.0424564 -0.0116187 -0.0300551 -0.0644931 0.0496172 0.10385 -0.001142 -0.0332676 -0.0513758 -0.0787884 0.0552473 0.0986998 0.021327 0.0106921 -0.0926092 -0.102839 0.0802933 0.0576929 0.0281022 0.0507508 -0.0825748 -0.130249 0.0256178 0.0689407 0.0240605 0.0637471 -0.0405543 -0.0748298 -0.00565524 0.013855 0.0805111 0.0341982 -0.058873 -0.0556984 -0.00570728 -0.00558156 0.0130198 0.106883 -0.0198537 -0.0601952 0.0198579 
-0.0148582 0.00229512 -0.00815868 0.0129258 0.00643886 -0.0131001 -0.00100832 -0.0277833 -0.00828486 0.0108976 0.0269555 0.00984555 0.0203288 -0.0112602 -0.0291665 0.0151894 0.0146441 0.0341742 0.00543067 -0.0305467 -0.0438463 -0.00754962 0.0124223 0.0359766 0.0355712 -0.0406756 -0.0288485 -0.00780864 -0.000601816 0.0415873 0.0407173 -0.0145258 -0.0356138 -0.0138311 -0.013045 0.0243997 0.023425 -0.00963236 -0.0166974 -0.0370044 -0.000995919 0.0253486 0.0265991 -0.00228789 -0.0015996 -0.0170053 -0.0198537 0.0462077 0.0149938 -0.000747747 
0.0610313 -0.0273601 -0.0359452 -0.00131066 0.0276607 0.0473231 0.0604901 -0.0164343 -0.0889361 0.0172878 -0.017084 0.0503352 0.072791 -0.0571581 -0.0937246 -0.0437546 0.0295147 0.0585905 0.104712 -0.0418964 -0.0776784 -0.0261704 -0.012564 0.122537 0.0871194 -0.046282 -0.0801832 -0.0430274 -0.0629872 0.0711099 0.121328 -0.0421792 -0.0450841 -0.0555472 -0.0264853 0.0460267 0.0901007 0.0297907 -0.0294378 -0.0543921 -0.0567879 0.0657305 0.0407088 -0.0110967 -0.000930495 -0.0450939 -0.0601952 0.0149938 0.091965 -0.00801766 
0.0133945 -0.0224167 0.0161145 -0.00784597 0.00777486 0.0390265 -0.017213 -0.00734578 -0.0124481 -0.0256964 0.0145903 0.0259692 0.00870562 -0.0115999 0.000678681 -0.00710373 -0.00219477 0.0313684 0.00716273 -0.00978325 -0.0103889 -0.0208982 0.00462787 0.0255102 0.00983363 0.0189575 -0.0202551 -0.0334773 -0.0062873 0.0171973 -0.000644007 0.00469121 0.0122787 -0.0459925 0.000273286 0.0148331 0.0124164 0.0213419 -0.00198939 -0.0034442 -0.0240815 -0.00789726 0.000262854 0.00603534 0.00718346 -0.0264641 0.0198579 -0.000747747 -0.00801766 0.0514459 
