0.461239 -0.111366 -0.126833 -0.125832 -0.121177 0.213015 0.292832 0.20468 -0.144735 -0.206095 -0.326743 -0.0070435 0.223874 0.156604 0.147456 -0.192563 -0.321029 -0.14255 0.189964 0.225234 0.25204 0.0123236 -0.245215 -0.213308 -0.0254222 0.325603 0.131564 0.0579997 -0.184747 -0.30891 -0.174527 0.0532159 0.336688 0.0602575 -0.00565733 -0.177563 -0.0879526 0.0571257 0.121612 0.323803 -0.109228 -0.211419 -0.115711 -0.0529331 0.0369348 0.0837717 0.121854 -0.104491 -0.0848696 -0.0355459 0.0769471 0.100478 -0.00626963 0.0335716 -0.0353304 -0.101741 0.0190942 0.0972133 
-0.111366 0.19088 -0.0536244 0.0681015 -0.147521 -0.229217 -0.0862567 0.00530227 0.226448 -0.0813347 0.0751639 -0.184251 -0.0314965 0.2392 0.215192 0.232164 -0.219731 -0.169772 -0.251842 0.0895945 0.145682 0.0790887 -0.00268712 -0.44789 -0.0813339 0.0932003 0.275399 0.17588 0.152856 -0.163056 -0.297976 0.161689 0.121943 0.232335 -0.0494525 -0.182287 -0.22385 -0.142001 0.124407 0.188355 0.115863 -0.245144 -0.0268477 0.00443042 0.0434287 0.193195 0.112607 -0.00322568 -0.22083 0.00852302 -0.00645734 0.0130937 0.0101818 -0.0551136 -0.0017108 -0.130159 0.0827276 0.0743555 
-0.126833 -0.0536244 0.248858 -0.0509638 0.0648959 0.0278216 -0.130987 0.0994541 0.115622 0.0841684 -0.0782382 -0.044381 -0.246542 0.00509808 0.123338 -0.112618 0.174255 -0.129559 -0.151398 0.114026 0.180821 0.0520139 0.0663937 0.0395548 -0.308692 0.0449545 0.0644894 0.0488069 0.0562986 -0.151027 -0.115128 -0.0457459 0.0108627 0.0598502 0.219114 -0.0846504 -0.125137 0.0898613 -0.0244796 0.0122452 0.144192 0.0600449 -0.18602 -0.02974 -0.026916 0.00771706 0.0495336 -0.0694831 0.0508663 -0.0521361 -0.0312835 0.0496063 0.0951653 0.00107786 -0.0268179 0.0961241 -0.0934324 -0.0514226 
-0.125832 0.0681015 -0.0509638 0.14924 0.0145083 -0.10148 -0.0919321 -0.168293 -0.0349185 0.0388205 0.245331 0.0179838 0.0570817 -0.0934721 -0.16773 0.186114 0.0480954 0.182919 0.00275683 -0.225184 -0.256355 -0.0517248 0.106537 0.107174 0.241434 -0.19261 -0.142968 -0.0578478 0.0500362 0.273737 0.173586 -0.0194129 -0.18211 -0.0996694 -0.123862 0.172542 0.154436 -0.0654193 -0.0693175 -0.161114 -0.07074 0.0726086 0.191221 0.0303863 0.00694158 -0.0812264 -0.0740694 0.117455 0.00834588 0.070863 -0.029993 -0.0914699 -0.0695251 -0.0283858 0.0535938 -0.0247313 0.0585823 -0.00897069 
-0.121177 -0.147521 0.0648959 0.0145083 0.354028 0.166415 -0.0302782 -0.22573 -0.31681 0.295621 0.171062 0.336978 -0.0203408 -0.556729 -0.557101 -0.164159 0.564468 0.453942 0.36279 -0.398276 -0.562543 -0.143237 0.174325 0.91475 0.320657 -0.461936 -0.610775 -0.364478 -0.124236 0.610716 0.715281 -0.308546 -0.498922 -0.458201 -0.037009 0.514801 0.52302 0.133809 -0.291434 -0.589027 -0.175058 0.56891 0.249113 0.052832 -0.10179 -0.391625 -0.330728 0.116943 0.431835 0.0238289 -0.0242837 -0.132109 -0.0559916 0.0772104 0.0400905 0.251522 -0.107835 -0.190718 
0.213015 -0.229217 0.0278216 -0.10148 0.166415 0.381125 0.120481 -0.0204746 -0.317465 0.031668 -0.104573 0.256966 0.11717 -0.29125 -0.285212 -0.298235 0.214761 0.248901 0.342739 -0.112608 -0.185531 -0.156491 -0.00851614 0.562938 0.154704 -0.0793051 -0.34012 -0.244706 -0.23159 0.222921 0.384039 -0.179803 -0.123662 -0.326254 0.0413073 0.234128 0.296404 0.210727 -0.153686 -0.227916 -0.187243 0.286807 0.0402516 -0.00921088 -0.0208294 -0.255715 -0.135081 0.00580397 0.263762 0.0256855 -4.24573e-06 -0.0270524 -0.0241422 0.0435474 0.00795792 0.15041 -0.0755269 -0.0867675 
0.292832 -0.0862567 -0.130987 -0.0919321 -0.0302782 0.120481 0.299889 0.105522 -0.171725 -0.0501838 -0.227478 0.0544939 0.168417 0.013206 -0.015676 -0.173762 -0.123714 -0.0419827 0.24104 0.0988267 0.0610983 0.0266995 -0.186183 0.00102037 0.0600268 0.115357 -0.0154246 -0.0150977 -0.163621 -0.115705 0.0371059 -0.0139523 0.136235 -0.00420905 -0.0530617 -0.0428569 0.0411141 0.0192585 0.05049 0.120892 -0.0962905 -0.0379541 -0.0141104 -0.0178815 -0.0116301 0.0174556 -0.0105834 -0.0572861 0.03579 -0.0640762 0.0791438 0.0555236 -0.022869 0.0640157 -0.0245207 -0.0303373 -0.0170069 0.0392843 
0.20468 0.00530227 0.0994541 -0.168293 -0.22573 -0.0204746 0.105522 0.453595 0.290121 -0.198673 -0.469305 -0.292156 -0.168313 0.495202 0.660974 -0.151683 -0.404453 -0.623128 -0.276742 0.589543 0.779363 0.24056 -0.238722 -0.792136 -0.62419 0.592144 0.608584 0.36195 0.0612309 -0.837499 -0.777317 0.214055 0.613654 0.482764 0.244818 -0.590051 -0.599367 -0.012892 0.294863 0.670737 0.242174 -0.486217 -0.461284 -0.0769493 0.0202575 0.381259 0.358358 -0.263183 -0.308387 -0.148485 0.0789353 0.217387 0.154378 0.00919993 -0.107915 -0.14084 -0.0222379 0.143467 
-0.144735 0.226448 0.115622 -0.0349185 -0.31681 -0.317465 -0.171725 0.290121 0.622547 -0.214394 -0.179527 -0.460249 -0.280699 0.667518 0.783867 0.204833 -0.46897 -0.670266 -0.66521 0.557652 0.781425 0.248423 -0.0970943 -1.10341 -0.680093 0.509395 0.827482 0.483311 0.286302 -0.809279 -0.972069 0.369165 0.541551 0.647087 0.199861 -0.696834 -0.776616 -0.141904 0.353581 0.642375 0.411374 -0.623637 -0.433568 -0.0453667 0.101695 0.517007 0.405161 -0.198816 -0.493829 -0.0674405 0.00633028 0.17831 0.160673 -0.108154 -0.0919635 -0.19244 0.0683011 0.158949 
-0.206095 -0.0813347 0.0841684 0.0388205 0.295621 0.031668 -0.0501838 -0.198673 -0.214394 0.37831 0.162118 0.222022 -0.0919708 -0.469061 -0.481522 -0.102869 0.569383 0.324777 0.2453 -0.327677 -0.466438 -0.0770066 0.163673 0.772859 0.20856 -0.466514 -0.474297 -0.246295 -0.0775943 0.497342 0.633488 -0.279817 -0.491136 -0.306047 -0.00615288 0.404426 0.420147 0.101413 -0.252805 -0.54666 -0.0810168 0.527899 0.179244 0.0347485 -0.080139 -0.28778 -0.335558 0.0878544 0.40313 -0.0313416 -0.0269416 -0.0862959 -0.0321405 0.0562635 0.0359156 0.251131 -0.112742 -0.203048 
-0.326743 0.0751639 -0.0782382 0.245331 0.171062 -0.104573 -0.227478 -0.469305 -0.179527 0.162118 0.63218 0.219387 0.114927 -0.426593 -0.589743 0.313443 0.344516 0.623168 0.132874 -0.641433 -0.79043 -0.211959 0.312205 0.629803 0.623704 -0.598385 -0.5663 -0.301098 0.0810811 0.858047 0.65077 -0.170849 -0.6219 -0.429429 -0.257242 0.595779 0.54733 -0.0945705 -0.288444 -0.622529 -0.200594 0.402894 0.517204 0.0864433 -0.0369225 -0.344398 -0.272952 0.319884 0.203628 0.177227 -0.11608 -0.256469 -0.158251 -0.018277 0.144802 0.060255 0.0555933 -0.102305 
-0.0070435 -0.184251 -0.044381 0.0179838 0.336978 0.256966 0.0544939 -0.292156 -0.460249 0.222022 0.219387 0.474451 0.139929 -0.644045 -0.690478 -0.172758 0.507525 0.626043 0.540205 -0.52941 -0.73562 -0.210152 0.1525 1.03829 0.551238 -0.49964 -0.772237 -0.479682 -0.168321 0.789082 0.851417 -0.329091 -0.542733 -0.612087 -0.149705 0.666392 0.687788 0.100622 -0.333497 -0.641713 -0.311526 0.602275 0.399039 0.0751531 -0.134515 -0.493769 -0.34924 0.192794 0.447309 0.0729329 -0.0174797 -0.199898 -0.1119 0.118846 0.071294 0.199745 -0.0779526 -0.159984 
0.223874 -0.0314965 -0.246542 0.0570817 -0.0203408 0.11717 0.168417 -0.168313 -0.280699 -0.0919708 0.114927 0.139929 0.39616 -0.125237 -0.30707 0.0638447 -0.105048 0.307839 0.287346 -0.226272 -0.338282 -0.169577 -0.0478657 0.225182 0.475854 -0.128684 -0.239383 -0.150573 -0.178412 0.319493 0.345754 -0.0407082 -0.120887 -0.22773 -0.241449 0.219531 0.306204 0.00150548 -0.0672987 -0.156806 -0.256806 0.0715582 0.267693 0.0074804 0.0552694 -0.13647 -0.128013 0.128348 0.0673451 0.0989662 -0.00295664 -0.0706557 -0.134094 -0.0143202 0.0584447 -0.0525155 0.0826414 0.0201813 
0.156604 0.2392 0.00509808 -0.0934721 -0.556729 -0.29125 0.013206 0.495202 0.667518 -0.469061 -0.426593 -0.644045 -0.125237 1.06481 1.12229 0.186304 -0.920061 -0.969309 -0.754983 0.876803 1.19305 0.309133 -0.318448 -1.65946 -0.830609 0.901852 1.21152 0.697281 0.215577 -1.27479 -1.39063 0.565177 0.962256 0.907205 0.198077 -1.07026 -1.08006 -0.154825 0.571354 1.09379 0.436915 -1.01919 -0.622799 -0.105477 0.19948 0.762397 0.601992 -0.316717 -0.745802 -0.0854647 0.0626449 0.309588 0.175698 -0.168435 -0.12315 -0.354143 0.136963 0.311107 
0.147456 0.215192 0.123338 -0.16773 -0.557101 -0.285212 -0.015676 0.660974 0.783867 -0.481522 -0.589743 -0.690478 -0.30707 1.12229 1.38347 0.0887963 -0.961096 -1.1677 -0.837853 1.04408 1.43452 0.433896 -0.354436 -1.85423 -1.09706 1.09201 1.34124 0.765461 0.295822 -1.52441 -1.66414 0.598653 1.1644 1.01497 0.325336 -1.1926 -1.27658 -0.162143 0.644715 1.2952 0.536751 -1.13863 -0.784624 -0.0967311 0.138665 0.833637 0.746846 -0.417243 -0.835026 -0.138161 0.122048 0.346839 0.245742 -0.101952 -0.192348 -0.379003 0.105963 0.331828 
-0.192563 0.232164 -0.112618 0.186114 -0.164159 -0.298235 -0.173762 -0.151683 0.204833 -0.102869 0.313443 -0.172758 0.0638447 0.186304 0.0887963 0.449045 -0.237733 0.0115667 -0.270625 -0.103694 -0.0760374 0.00930269 0.0911592 -0.401875 0.145675 -0.045586 0.164347 0.136682 0.19453 0.0683215 -0.181821 0.154567 -0.0153684 0.139718 -0.161796 -0.0422897 -0.100326 -0.209699 0.0678693 0.0657158 0.045032 -0.225318 0.152537 0.0245108 0.0713171 0.128907 0.0823229 0.116648 -0.24884 0.102351 -0.0484462 -0.0677216 -0.0625923 -0.0830219 0.0529562 -0.174175 0.152519 0.0796794 
-0.321029 -0.219731 0.174255 0.0480954 0.564468 0.214761 -0.123714 -0.404453 -0.46897 0.569383 0.344516 0.507525 -0.105048 -0.920061 -0.961096 -0.237733 1.07648 0.737807 0.490578 -0.671565 -0.934683 -0.249219 0.35334 1.56881 0.45275 -0.871422 -0.983181 -0.549833 -0.16234 1.03148 1.23424 -0.548369 -0.955999 -0.699342 0.0151382 0.842685 0.860533 0.231964 -0.54249 -1.06892 -0.21021 1.03558 0.382809 0.0464282 -0.157725 -0.634033 -0.598066 0.222808 0.784582 0.0044898 -0.116891 -0.199395 -0.0693789 0.098525 0.102937 0.46986 -0.223279 -0.371222 
-0.14255 -0.169772 -0.129559 0.182919 0.453942 0.248901 -0.0419827 -0.623128 -0.670266 0.324777 0.623168 0.626043 0.307839 -0.969309 -1.1677 0.0115667 0.737807 1.13367 0.709423 -0.994772 -1.3215 -0.400873 0.34397 1.54936 1.06108 -0.929551 -1.21878 -0.706484 -0.185008 1.41454 1.38856 -0.487812 -0.98886 -0.952248 -0.343182 1.11813 1.13172 0.0705369 -0.565685 -1.10541 -0.50958 0.918476 0.784885 0.114824 -0.141295 -0.764279 -0.568664 0.432405 0.633538 0.189373 -0.109981 -0.365486 -0.243848 0.112395 0.179509 0.24495 -0.0406861 -0.242343 
0.189964 -0.251842 -0.151398 0.00275683 0.36279 0.342739 0.24104 -0.276742 -0.66521 0.2453 0.132874 0.540205 0.287346 -0.754983 -0.837853 -0.270625 0.490578 0.709423 0.829129 -0.591673 -0.851613 -0.215652 0.0597411 1.19013 0.739285 -0.524605 -0.930042 -0.55294 -0.293704 0.865585 1.03398 -0.404159 -0.549176 -0.710119 -0.240679 0.7781 0.859677 0.11097 -0.360756 -0.657482 -0.464232 0.667815 0.488508 0.0781887 -0.166633 -0.567499 -0.411299 0.19812 0.527851 0.0392426 0.032767 -0.202679 -0.162023 0.18573 0.078261 0.182679 -0.0779976 -0.152673 
0.225234 0.0895945 0.114026 -0.225184 -0.398276 -0.112608 0.0988267 0.589543 0.557652 -0.327677 -0.641433 -0.52941 -0.226272 0.876803 1.04408 -0.103694 -0.671565 -0.994772 -0.591673 0.983598 1.23695 0.305487 -0.361727 -1.33389 -0.981364 0.890879 1.11528 0.599228 0.0656267 -1.31831 -1.21836 0.443443 0.933624 0.821218 0.330551 -1.049 -1.02185 0.0276444 0.521749 0.979007 0.437936 -0.821154 -0.763468 -0.112568 0.182157 0.683673 0.494845 -0.433256 -0.534159 -0.157671 0.107418 0.370273 0.223504 -0.122248 -0.18528 -0.170738 0.025591 0.201374 
0.25204 0.145682 0.180821 -0.256355 -0.562543 -0.185531 0.0610983 0.779363 0.781425 -0.466438 -0.79043 -0.73562 -0.338282 1.19305 1.43452 -0.0760374 -0.934683 -1.3215 -0.851613 1.23695 1.67538 0.429827 -0.436963 -1.85887 -1.29702 1.20502 1.4819 0.826789 0.171443 -1.7464 -1.70951 0.606179 1.26207 1.10107 0.446443 -1.3731 -1.38215 -0.0189918 0.692989 1.36044 0.588366 -1.13888 -0.994154 -0.140649 0.210162 0.90238 0.725244 -0.540812 -0.78412 -0.195991 0.130609 0.453542 0.299538 -0.15493 -0.219477 -0.284413 0.0544845 0.30626 
0.0123236 0.0790887 0.0520139 -0.0517248 -0.143237 -0.156491 0.0266995 0.24056 0.248423 -0.0770066 -0.211959 -0.210152 -0.169577 0.309133 0.433896 0.00930269 -0.249219 -0.400873 -0.215652 0.305487 0.429827 0.259553 -0.115875 -0.582132 -0.3655 0.307976 0.362886 0.252198 0.163537 -0.483067 -0.53502 0.1415 0.347747 0.345818 0.10733 -0.329172 -0.382758 -0.135751 0.188263 0.44066 0.187479 -0.327388 -0.212124 -0.0227101 -0.0525633 0.251062 0.250801 -0.119074 -0.238275 -0.107365 0.0641839 0.0930427 0.0852041 0.0526923 -0.0619149 -0.145563 0.000336437 0.110648 
-0.245215 -0.00268712 0.0663937 0.106537 0.174325 -0.00851614 -0.186183 -0.238722 -0.0970943 0.163673 0.312205 0.1525 -0.0478657 -0.318448 -0.354436 0.0911592 0.35334 0.34397 0.0597411 -0.361727 -0.436963 -0.115875 0.264279 0.504521 0.240911 -0.385593 -0.38071 -0.180707 0.0649738 0.496499 0.41097 -0.185629 -0.423017 -0.260516 -0.0229343 0.375242 0.324156 -0.00403721 -0.238324 -0.417888 -0.0618932 0.357579 0.247069 0.020889 -0.0777306 -0.244654 -0.177502 0.180577 0.221251 0.0540905 -0.105711 -0.144904 -0.0411981 0.0171284 0.0838096 0.107858 -0.0385084 -0.112099 
-0.213308 -0.44789 0.0395548 0.107174 0.91475 0.562938 0.00102037 -0.792136 -1.10341 0.772859 0.629803 1.03829 0.225182 -1.65946 -1.85423 -0.401875 1.56881 1.54936 1.19013 -1.33389 -1.85887 -0.582132 0.504521 2.83145 1.25294 -1.47303 -1.91256 -1.1182 -0.459817 2.01038 2.32987 -0.936384 -1.60473 -1.45979 -0.232356 1.64076 1.74037 0.384911 -0.944695 -1.8453 -0.667495 1.73718 0.904601 0.108711 -0.246528 -1.22708 -1.04231 0.483727 1.31278 0.125987 -0.157843 -0.426956 -0.247216 0.186552 0.214286 0.681131 -0.27797 -0.540974 
-0.0254222 -0.0813339 -0.308692 0.241434 0.320657 0.154704 0.0600268 -0.62419 -0.680093 0.20856 0.623704 0.551238 0.475854 -0.830609 -1.09706 0.145675 0.45275 1.06108 0.739285 -0.981364 -1.29702 -0.3655 0.240911 1.25294 1.23448 -0.825272 -1.10876 -0.636261 -0.192452 1.34746 1.27468 -0.366229 -0.839755 -0.872257 -0.511496 1.04461 1.08507 -0.0349881 -0.452689 -0.920926 -0.579518 0.70115 0.852356 0.138039 -0.105768 -0.662709 -0.514698 0.433596 0.459054 0.218206 -0.0417195 -0.372113 -0.303387 0.094462 0.179634 0.0914527 0.06937 -0.139414 
0.325603 0.0932003 0.0449545 -0.19261 -0.461936 -0.0793051 0.115357 0.592144 0.509395 -0.466514 -0.598385 -0.49964 -0.128684 0.901852 1.09201 -0.045586 -0.871422 -0.929551 -0.524605 0.890879 1.20502 0.307976 -0.385593 -1.47303 -0.825272 1.02524 1.06553 0.561149 0.103032 -1.28532 -1.32617 0.498021 1.06441 0.744791 0.226449 -0.9841 -0.996538 -0.0510908 0.563802 1.11712 0.325497 -0.975543 -0.665953 -0.062104 0.148637 0.652465 0.61198 -0.399205 -0.685474 -0.0894318 0.156211 0.302495 0.182432 -0.0832732 -0.175334 -0.310489 0.104459 0.29991 
0.131564 0.275399 0.0644894 -0.142968 -0.610775 -0.34012 -0.0154246 0.608584 0.827482 -0.474297 -0.5663 -0.772237 -0.239383 1.21152 1.34124 0.164347 -0.983181 -1.21878 -0.930042 1.11528 1.4819 0.362886 -0.38071 -1.91256 -1.10876 1.06553 1.52914 0.825 0.203535 -1.57012 -1.61793 0.674464 1.14045 1.10507 0.28804 -1.33716 -1.33658 -0.0794298 0.706041 1.23443 0.565661 -1.16447 -0.861819 -0.109969 0.299354 0.930868 0.645786 -0.465571 -0.838191 -0.111745 0.1005 0.410251 0.236775 -0.241133 -0.192745 -0.316226 0.147251 0.298878 
0.0579997 0.17588 0.0488069 -0.0578478 -0.364478 -0.244706 -0.0150977 0.36195 0.483311 -0.246295 -0.301098 -0.479682 -0.150573 0.697281 0.765461 0.136682 -0.549833 -0.706484 -0.55294 0.599228 0.826789 0.252198 -0.180707 -1.1182 -0.636261 0.561149 0.825 0.559029 0.184944 -0.898192 -0.943069 0.32125 0.600745 0.680825 0.208255 -0.725396 -0.747387 -0.124803 0.345317 0.73149 0.351579 -0.631566 -0.440225 -0.108971 0.0989224 0.534482 0.397238 -0.201406 -0.452989 -0.12355 0.0117213 0.224472 0.139234 -0.0825045 -0.0708517 -0.227928 0.05315 0.173344 
-0.184747 0.152856 0.0562986 0.0500362 -0.124236 -0.23159 -0.163621 0.0612309 0.286302 -0.0775943 0.0810811 -0.168321 -0.178412 0.215577 0.295822 0.19453 -0.16234 -0.185008 -0.293704 0.0656267 0.171443 0.163537 0.0649738 -0.459817 -0.192452 0.103032 0.203535 0.184944 0.335649 -0.176124 -0.424512 0.105669 0.114256 0.237356 0.0557404 -0.115562 -0.245447 -0.240756 0.0622191 0.255283 0.175237 -0.219134 -0.0094268 -0.00667308 -0.106771 0.148339 0.237329 0.0497891 -0.228184 -0.0358967 -0.0470152 -0.0294752 0.0543613 0.0493661 0.021973 -0.178756 0.022428 0.0959028 
-0.30891 -0.163056 -0.151027 0.273737 0.610716 0.222921 -0.115705 -0.837499 -0.809279 0.497342 0.858047 0.789082 0.319493 -1.27479 -1.52441 0.0683215 1.03148 1.41454 0.865585 -1.31831 -1.7464 -0.483067 0.496499 2.01038 1.34746 -1.28532 -1.57012 -0.898192 -0.176124 1.89225 1.81807 -0.641683 -1.3561 -1.19117 -0.441163 1.46182 1.46277 0.0477372 -0.746593 -1.47349 -0.605982 1.23761 1.026 0.152431 -0.210967 -0.976566 -0.773362 0.569573 0.839536 0.22603 -0.152266 -0.492366 -0.304925 0.139376 0.238271 0.334915 -0.0583297 -0.337862 
-0.174527 -0.297976 -0.115128 0.173586 0.715281 0.384039 0.0371059 -0.777317 -0.972069 0.633488 0.65077 0.851417 0.345754 -1.39063 -1.66414 -0.181821 1.23424 1.38856 1.03398 -1.21836 -1.70951 -0.53502 0.41097 2.32987 1.27468 -1.32617 -1.61793 -0.943069 -0.424512 1.81807 2.09575 -0.745353 -1.41792 -1.23457 -0.352339 1.42182 1.54027 0.27555 -0.785942 -1.61623 -0.631398 1.43157 0.888181 0.107338 -0.139537 -1.01262 -0.957058 0.461616 1.07419 0.154526 -0.126198 -0.386109 -0.284325 0.108369 0.205698 0.531038 -0.15312 -0.448058 
0.0532159 0.161689 -0.0457459 -0.0194129 -0.308546 -0.179803 -0.0139523 0.214055 0.369165 -0.279817 -0.170849 -0.329091 -0.0407082 0.565177 0.598653 0.154567 -0.548369 -0.487812 -0.404159 0.443443 0.606179 0.1415 -0.185629 -0.936384 -0.366229 0.498021 0.674464 0.32125 0.105669 -0.641683 -0.745353 0.412294 0.553647 0.443931 0.00631711 -0.583138 -0.584542 -0.0725182 0.373493 0.573875 0.191906 -0.622076 -0.315128 0.0139482 0.162018 0.412086 0.311159 -0.197784 -0.48285 0.0279203 0.0878433 0.13839 0.0643306 -0.140132 -0.0878672 -0.198625 0.138031 0.19366 
0.336688 0.121943 0.0108627 -0.18211 -0.498922 -0.123662 0.136235 0.613654 0.541551 -0.491136 -0.6219 -0.542733 -0.120887 0.962256 1.1644 -0.0153684 -0.955999 -0.98886 -0.549176 0.933624 1.26207 0.347747 -0.423017 -1.60473 -0.839755 1.06441 1.14045 0.600745 0.114256 -1.3561 -1.41792 0.553647 1.17425 0.800837 0.187734 -1.04256 -1.06629 -0.0771768 0.626516 1.1986 0.329574 -1.06979 -0.683352 -0.0470441 0.164835 0.704499 0.644899 -0.423168 -0.759435 -0.0873712 0.197478 0.313763 0.175713 -0.0845358 -0.203591 -0.354313 0.136043 0.329876 
0.0602575 0.232335 0.0598502 -0.0996694 -0.458201 -0.326254 -0.00420905 0.482764 0.647087 -0.306047 -0.429429 -0.612087 -0.22773 0.907205 1.01497 0.139718 -0.699342 -0.952248 -0.710119 0.821218 1.10107 0.345818 -0.260516 -1.45979 -0.872257 0.744791 1.10507 0.680825 0.237356 -1.19117 -1.23457 0.443931 0.800837 0.919581 0.25933 -0.975339 -0.998558 -0.151741 0.478501 0.951589 0.477988 -0.830207 -0.607834 -0.123852 0.134831 0.714236 0.503029 -0.299962 -0.591264 -0.165534 0.0337135 0.303301 0.197133 -0.114663 -0.118184 -0.272349 0.0622799 0.226049 
-0.00565733 -0.0494525 0.219114 -0.123862 -0.037009 0.0413073 -0.0530617 0.244818 0.199861 -0.00615288 -0.257242 -0.149705 -0.241449 0.198077 0.325336 -0.161796 0.0151382 -0.343182 -0.240679 0.330551 0.446443 0.10733 -0.0229343 -0.232356 -0.511496 0.226449 0.28804 0.208255 0.0557404 -0.441163 -0.352339 0.00631711 0.187734 0.25933 0.338911 -0.298725 -0.323525 0.0773765 0.0480663 0.23389 0.235611 -0.0773724 -0.335353 -0.102396 -0.0152412 0.156428 0.154384 -0.132771 -0.0145714 -0.126317 -0.0463571 0.141127 0.142898 0.00163722 -0.0442021 0.0459113 -0.110721 -0.0185396 
-0.177563 -0.182287 -0.0846504 0.172542 0.514801 0.234128 -0.0428569 -0.590051 -0.696834 0.404426 0.595779 0.666392 0.219531 -1.07026 -1.1926 -0.0422897 0.842685 1.11813 0.7781 -1.049 -1.3731 -0.329172 0.375242 1.64076 1.04461 -0.9841 -1.33716 -0.725396 -0.115562 1.46182 1.42182 -0.583138 -1.04256 -0.975339 -0.298725 1.25333 1.18926 0.0036419 -0.632866 -1.11075 -0.501793 1.00995 0.831617 0.108838 -0.269847 -0.820268 -0.559949 0.459887 0.696085 0.12395 -0.102763 -0.40315 -0.233465 0.21681 0.186761 0.239255 -0.0935787 -0.267104 
-0.0879526 -0.22385 -0.125137 0.154436 0.52302 0.296404 0.0411141 -0.599367 -0.776616 0.420147 0.54733 0.687788 0.306204 -1.08006 -1.27658 -0.100326 0.860533 1.13172 0.859677 -1.02185 -1.38215 -0.382758 0.324156 1.74037 1.08507 -0.996538 -1.33658 -0.747387 -0.245447 1.46277 1.54027 -0.584542 -1.06629 -0.998558 -0.323525 1.18926 1.26364 0.099218 -0.622839 -1.16341 -0.548224 1.05611 0.796045 0.0961425 -0.195744 -0.82757 -0.644182 0.421868 0.768378 0.131666 -0.0991248 -0.358781 -0.245696 0.15824 0.192147 0.300405 -0.0961243 -0.282751 
0.0571257 -0.142001 0.0898613 -0.0654193 0.133809 0.210727 0.0192585 -0.012892 -0.141904 0.101413 -0.0945705 0.100622 0.00150548 -0.154825 -0.162143 -0.209699 0.231964 0.0705369 0.11097 0.0276444 -0.0189918 -0.135751 -0.00403721 0.384911 -0.0349881 -0.0510908 -0.0794298 -0.124803 -0.240756 0.0477372 0.27555 -0.0725182 -0.0771768 -0.151741 0.0773765 0.0036419 0.099218 0.312388 -0.0455216 -0.226557 -0.0521473 0.196746 -0.134298 -0.00166975 0.123451 -0.103267 -0.182657 -0.103207 0.202507 0.0304102 0.0135012 0.0632733 0.0127864 -0.0889934 -0.0437025 0.224325 -0.0522827 -0.118488 
0.121612 0.124407 -0.0244796 -0.0693175 -0.291434 -0.153686 0.05049 0.294863 0.353581 -0.252805 -0.288444 -0.333497 -0.0672987 0.571354 0.644715 0.0678693 -0.54249 -0.565685 -0.360756 0.521749 0.692989 0.188263 -0.238324 -0.944695 -0.452689 0.563802 0.706041 0.345317 0.0622191 -0.746593 -0.785942 0.373493 0.626516 0.478501 0.0480663 -0.632866 -0.622839 -0.0455216 0.420369 0.636028 0.200877 -0.629418 -0.385738 0.00174973 0.15172 0.436221 0.320266 -0.254755 -0.462612 -0.0228414 0.122938 0.179714 0.0922561 -0.105194 -0.119548 -0.182965 0.110116 0.18833 
0.323803 0.188355 0.0122452 -0.161114 -0.589027 -0.227916 0.120892 0.670737 0.642375 -0.54666 -0.622529 -0.641713 -0.156806 1.09379 1.2952 0.0657158 -1.06892 -1.10541 -0.657482 0.979007 1.36044 0.44066 -0.417888 -1.8453 -0.920926 1.11712 1.23443 0.73149 0.255283 -1.47349 -1.61623 0.573875 1.1986 0.951589 0.23389 -1.11075 -1.16341 -0.226557 0.636028 1.39413 0.405664 -1.16605 -0.676467 -0.100141 0.0849092 0.787062 0.774816 -0.378857 -0.846197 -0.143815 0.143862 0.321315 0.196242 -0.0459308 -0.16105 -0.471323 0.123112 0.396317 
-0.109228 0.115863 0.144192 -0.07074 -0.175058 -0.187243 -0.0962905 0.242174 0.411374 -0.0810168 -0.200594 -0.311526 -0.256806 0.436915 0.536751 0.045032 -0.21021 -0.50958 -0.464232 0.437936 0.588366 0.187479 -0.0618932 -0.667495 -0.579518 0.325497 0.565661 0.351579 0.175237 -0.605982 -0.631398 0.191906 0.329574 0.477988 0.235611 -0.501793 -0.548224 -0.0521473 0.200877 0.405664 0.367431 -0.336847 -0.368291 -0.0709712 0.0461375 0.35773 0.23867 -0.15886 -0.245856 -0.111664 -0.0158596 0.159264 0.150019 -0.0620351 -0.0662982 -0.0628844 -0.0238886 0.0649338 
-0.211419 -0.245144 0.0600449 0.0726086 0.56891 0.286807 -0.0379541 -0.486217 -0.623637 0.527899 0.402894 0.602275 0.0715582 -1.01919 -1.13863 -0.225318 1.03558 0.918476 0.667815 -0.821154 -1.13888 -0.327388 0.357579 1.73718 0.70115 -0.975543 -1.16447 -0.631566 -0.219134 1.23761 1.43157 -0.622076 -1.06979 -0.830207 -0.0773724 1.00995 1.05611 0.196746 -0.629418 -1.16605 -0.336847 1.1569 0.549899 0.0237098 -0.189026 -0.739857 -0.654961 0.331469 0.859699 0.0255425 -0.152282 -0.261009 -0.130472 0.134778 0.151899 0.435384 -0.207545 -0.369269 
-0.115711 -0.0268477 -0.18602 0.191221 0.249113 0.0402516 -0.0141104 -0.461284 -0.433568 0.179244 0.517204 0.399039 0.267693 -0.622799 -0.784624 0.152537 0.382809 0.784885 0.488508 -0.763468 -0.994154 -0.212124 0.247069 0.904601 0.852356 -0.665953 -0.861819 -0.440225 -0.0094268 1.026 0.888181 -0.315128 -0.683352 -0.607834 -0.335353 0.831617 0.796045 -0.134298 -0.385738 -0.676467 -0.368291 0.549899 0.711841 0.0872229 -0.180284 -0.497755 -0.333097 0.384256 0.350704 0.121703 -0.0793681 -0.31285 -0.206649 0.134242 0.16388 0.0328482 0.0129983 -0.10096 
-0.0529331 0.00443042 -0.02974 0.0303863 0.052832 -0.00921088 -0.0178815 -0.0769493 -0.0453667 0.0347485 0.0864433 0.0751531 0.0074804 -0.105477 -0.0967311 0.0245108 0.0464282 0.114824 0.0781887 -0.112568 -0.140649 -0.0227101 0.020889 0.108711 0.138039 -0.062104 -0.109969 -0.108971 -0.00667308 0.152431 0.107338 0.0139482 -0.0470441 -0.123852 -0.102396 0.108838 0.0961425 -0.00166975 0.00174973 -0.100141 -0.0709712 0.0237098 0.0872229 0.0992717 -0.00436716 -0.0719792 -0.0523929 0.00969135 -0.00751094 0.0521017 0.0539417 -0.0611091 -0.0349944 0.00537101 -0.00959508 0.0155776 0.0350007 0.00169355 
0.0369348 0.0434287 -0.026916 0.00694158 -0.10179 -0.0208294 -0.0116301 0.0202575 0.101695 -0.080139 -0.0369225 -0.134515 0.0552694 0.19948 0.138665 0.0713171 -0.157725 -0.141295 -0.166633 0.182157 0.210162 -0.0525633 -0.0777306 -0.246528 -0.105768 0.148637 0.299354 0.0989224 -0.106771 -0.210967 -0.139537 0.162018 0.164835 0.134831 -0.0152412 -0.269847 -0.195744 0.123451 0.15172 0.0849092 0.0461375 -0.189026 -0.180284 -0.00436716 0.236284 0.157029 -0.000798943 -0.116884 -0.12526 0.066874 0.0264459 0.0987504 0.00217989 -0.167711 -0.0499415 0.0286929 0.0830414 0.00924448 
0.0837717 0.193195 0.00771706 -0.0812264 -0.391625 -0.255715 0.0174556 0.381259 0.517007 -0.28778 -0.344398 -0.493769 -0.13647 0.762397 0.833637 0.128907 -0.634033 -0.764279 -0.567499 0.683673 0.90238 0.251062 -0.244654 -1.22708 -0.662709 0.652465 0.930868 0.534482 0.148339 -0.976566 -1.01262 0.412086 0.704499 0.714236 0.156428 -0.820268 -0.82757 -0.103267 0.436221 0.787062 0.35773 -0.739857 -0.497755 -0.0719792 0.157029 0.623083 0.404051 -0.277883 -0.5299 -0.0952725 0.0625863 0.253056 0.145586 -0.127969 -0.112475 -0.225921 0.08665 0.201421 
0.121854 0.112607 0.0495336 -0.0740694 -0.330728 -0.135081 -0.0105834 0.358358 0.405161 -0.335558 -0.272952 -0.34924 -0.128013 0.601992 0.746846 0.0823229 -0.598066 -0.568664 -0.411299 0.494845 0.725244 0.250801 -0.177502 -1.04231 -0.514698 0.61198 0.645786 0.397238 0.237329 -0.773362 -0.957058 0.311159 0.644899 0.503029 0.154384 -0.559949 -0.644182 -0.182657 0.320266 0.774816 0.23867 -0.654961 -0.333097 -0.0523929 -0.000798943 0.404051 0.523457 -0.156076 -0.508999 -0.0608329 0.0465253 0.136796 0.114151 0.00849384 -0.0698377 -0.308146 0.0655358 0.235767 
-0.104491 -0.00322568 -0.0694831 0.117455 0.116943 0.00580397 -0.0572861 -0.263183 -0.198816 0.0878544 0.319884 0.192794 0.128348 -0.316717 -0.417243 0.116648 0.222808 0.432405 0.19812 -0.433256 -0.540812 -0.119074 0.180577 0.483727 0.433596 -0.399205 -0.465571 -0.201406 0.0497891 0.569573 0.461616 -0.197784 -0.423168 -0.299962 -0.132771 0.459887 0.421868 -0.103207 -0.254755 -0.378857 -0.15886 0.331469 0.384256 0.00969135 -0.116884 -0.277883 -0.156076 0.282982 0.200981 0.0522525 -0.103408 -0.176549 -0.0999129 0.0788456 0.116475 -0.000481943 -0.012711 -0.0600209 
-0.0848696 -0.22083 0.0508663 0.00834588 0.431835 0.263762 0.03579 -0.308387 -0.493829 0.40313 0.203628 0.447309 0.0673451 -0.745802 -0.835026 -0.24884 0.784582 0.633538 0.527851 -0.534159 -0.78412 -0.238275 0.221251 1.31278 0.459054 -0.685474 -0.838191 -0.452989 -0.228184 0.839536 1.07419 -0.48285 -0.759435 -0.591264 -0.0145714 0.696085 0.768378 0.202507 -0.462612 -0.846197 -0.245856 0.859699 0.350704 -0.00751094 -0.12526 -0.5299 -0.508999 0.200981 0.709662 -0.0127005 -0.110102 -0.14366 -0.0807788 0.0971058 0.0964019 0.35758 -0.183936 -0.293681 
-0.0355459 0.00852302 -0.0521361 0.070863 0.0238289 0.0256855 -0.0640762 -0.148485 -0.0674405 -0.0313416 0.177227 0.0729329 0.0989662 -0.0854647 -0.138161 0.102351 0.0044898 0.189373 0.0392426 -0.157671 -0.195991 -0.107365 0.0540905 0.125987 0.218206 -0.0894318 -0.111745 -0.12355 -0.0358967 0.22603 0.154526 0.0279203 -0.0873712 -0.165534 -0.126317 0.12395 0.131666 0.0304102 -0.0228414 -0.143815 -0.111664 0.0255425 0.121703 0.0521017 0.066874 -0.0952725 -0.0608329 0.0522525 -0.0127005 0.151238 0.00412172 -0.0715428 -0.0713219 -0.0633793 0.0146485 0.0138383 0.0751439 -0.00830043 
0.0769471 -0.00645734 -0.0312835 -0.029993 -0.0242837 -4.24573e-06 0.0791438 0.0789353 0.00633028 -0.0269416 -0.11608 -0.0174797 -0.00295664 0.0626449 0.122048 -0.0484462 -0.116891 -0.109981 0.032767 0.107418 0.130609 0.0641839 -0.105711 -0.157843 -0.0417195 0.156211 0.1005 0.0117213 -0.0470152 -0.152266 -0.126198 0.0878433 0.197478 0.0337135 -0.0463571 -0.102763 -0.0991248 0.0135012 0.122938 0.143862 -0.0158596 -0.152282 -0.0793681 0.0539417 0.0264459 0.0625863 0.0465253 -0.103408 -0.110102 0.00412172 0.143794 0.0282963 -0.00666151 0.00689364 -0.0650938 -0.0284656 0.0450332 0.0443446 
0.100478 0.0130937 0.0496063 -0.0914699 -0.132109 -0.0270524 0.0555236 0.217387 0.17831 -0.0862959 -0.256469 -0.199898 -0.0706557 0.309588 0.346839 -0.0677216 -0.199395 -0.365486 -0.202679 0.370273 0.453542 0.0930427 -0.144904 -0.426956 -0.372113 0.302495 0.410251 0.224472 -0.0294752 -0.492366 -0.386109 0.13839 0.313763 0.303301 0.141127 -0.40315 -0.358781 0.0632733 0.179714 0.321315 0.159264 -0.261009 -0.31285 -0.0611091 0.0987504 0.253056 0.136796 -0.176549 -0.14366 -0.0715428 0.0282963 0.188364 0.0828972 -0.0668789 -0.071919 -0.0235368 -0.0114662 0.0447189 
-0.00626963 0.0101818 0.0951653 -0.0695251 -0.0559916 -0.0241422 -0.022869 0.154378 0.160673 -0.0321405 -0.158251 -0.1119 -0.134094 0.175698 0.245742 -0.0625923 -0.0693789 -0.243848 -0.162023 0.223504 0.299538 0.0852041 -0.0411981 -0.247216 -0.303387 0.182432 0.236775 0.139234 0.0543613 -0.304925 -0.284325 0.0643306 0.175713 0.197133 0.142898 -0.233465 -0.245696 0.0127864 0.0922561 0.196242 0.150019 -0.130472 -0.206649 -0.0349944 0.00217989 0.145586 0.114151 -0.0999129 -0.0807788 -0.0713219 -0.00666151 0.0828972 0.116339 -0.0127178 -0.038488 -0.00968238 -0.0379424 0.0333937 
0.0335716 -0.0551136 0.00107786 -0.0283858 0.0772104 0.0435474 0.0640157 0.00919993 -0.108154 0.0562635 -0.018277 0.118846 -0.0143202 -0.168435 -0.101952 -0.0830219 0.098525 0.112395 0.18573 -0.122248 -0.15493 0.0526923 0.0171284 0.186552 0.094462 -0.0832732 -0.241133 -0.0825045 0.0493661 0.139376 0.108369 -0.140132 -0.0845358 -0.114663 0.00163722 0.21681 0.15824 -0.0889934 -0.105194 -0.0459308 -0.0620351 0.134778 0.134242 0.00537101 -0.167711 -0.127969 0.00849384 0.0788456 0.0971058 -0.0633793 0.00689364 -0.0668789 -0.0127178 0.183374 0.0146486 -0.0384835 -0.054459 -0.0126815 
-0.0353304 -0.0017108 -0.0268179 0.0535938 0.0400905 0.00795792 -0.0245207 -0.107915 -0.0919635 0.0359156 0.144802 0.071294 0.0584447 -0.12315 -0.192348 0.0529562 0.102937 0.179509 0.078261 -0.18528 -0.219477 -0.0619149 0.0838096 0.214286 0.179634 -0.175334 -0.192745 -0.0708517 0.021973 0.238271 0.205698 -0.0878672 -0.203591 -0.118184 -0.0442021 0.186761 0.192147 -0.0437025 -0.119548 -0.16105 -0.0662982 0.151899 0.16388 -0.00959508 -0.0499415 -0.112475 -0.0698377 0.116475 0.0964019 0.0146485 -0.0650938 -0.071919 -0.038488 0.0146486 0.0985109 0.0105081 -0.0168096 -0.0205681 
-0.101741 -0.130159 0.0961241 -0.0247313 0.251522 0.15041 -0.0303373 -0.14084 -0.19244 0.251131 0.060255 0.199745 -0.0525155 -0.354143 -0.379003 -0.174175 0.46986 0.24495 0.182679 -0.170738 -0.284413 -0.145563 0.107858 0.681131 0.0914527 -0.310489 -0.316226 -0.227928 -0.178756 0.334915 0.531038 -0.198625 -0.354313 -0.272349 0.0459113 0.239255 0.300405 0.224325 -0.182965 -0.471323 -0.0628844 0.435384 0.0328482 0.0155776 0.0286929 -0.225921 -0.308146 -0.000481943 0.35758 0.0138383 -0.0284656 -0.0235368 -0.00968238 -0.0384835 0.0105081 0.314584 -0.0991069 -0.193667 
0.0190942 0.0827276 -0.0934324 0.0585823 -0.107835 -0.0755269 -0.0170069 -0.0222379 0.0683011 -0.112742 0.0555933 -0.0779526 0.0826414 0.136963 0.105963 0.152519 -0.223279 -0.0406861 -0.0779976 0.025591 0.0544845 0.000336437 -0.0385084 -0.27797 0.06937 0.104459 0.147251 0.05315 0.022428 -0.0583297 -0.15312 0.138031 0.136043 0.0622799 -0.110721 -0.0935787 -0.0961243 -0.0522827 0.110116 0.123112 -0.0238886 -0.207545 0.0129983 0.0350007 0.0830414 0.08665 0.0655358 -0.012711 -0.183936 0.0751439 0.0450332 -0.0114662 -0.0379424 -0.054459 -0.0168096 -0.0991069 0.136179 0.0679643 
0.0972133 0.0743555 -0.0514226 -0.00897069 -0.190718 -0.0867675 0.0392843 0.143467 0.158949 -0.203048 -0.102305 -0.159984 0.0201813 0.311107 0.331828 0.0796794 -0.371222 -0.242343 -0.152673 0.201374 0.30626 0.110648 -0.112099 -0.540974 -0.139414 0.29991 0.298878 0.173344 0.0959028 -0.337862 -0.448058 0.19366 0.329876 0.226049 -0.0185396 -0.267104 -0.282751 -0.118488 0.18833 0.396317 0.0649338 -0.369269 -0.10096 0.00169355 0.00924448 0.201421 0.235767 -0.0600209 -0.293681 -0.00830043 0.0443446 0.0447189 0.0333937 -0.0126815 -0.0205681 -0.193667 0.0679643 0.184281 
