1.05917e+06 446110 -1.5817e+06 -916741 1.41582e+06 195080 -962528 1.83187e+06 100413 -3.71441e+06 1.2499e+06 3.56084e+06 -2.72666e+06 -1.65471e+06 4.04964e+06 -449295 -4.2748e+06 1.87018e+06 3.08235e+06 -2.42855e+06 -1.50613e+06 3.17203e+06 -86283.4 -4.64995e+06 1.71455e+06 5.47427e+06 -3.36894e+06 -4.62556e+06 5.24464e+06 2.2116e+06 -6.46745e+06 911192 5.98317e+06 -3.333e+06 -3.96948e+06 4.68465e+06 1.24746e+06 -5.44895e+06 1.17267e+06 5.7674e+06 -2.92803e+06 -5.42669e+06 4.32183e+06 3.95022e+06 -5.31181e+06 -1.47313e+06 5.59507e+06 -1.14504e+06 -4.70833e+06 3.19617e+06 2.66338e+06 -4.13505e+06 -472811 4.07627e+06 -1.15164e+06 -3.61252e+06 2.09224e+06 2.80167e+06 -2.40136e+06 -1.73361e+06 2.51489e+06 625076 -2.45137e+06 561484 1.82713e+06 -1.47041e+06 -836149 1.7484e+06 -139121 -1.53586e+06 799730 961618 -872416 -288322 553728 -116818 -227626 240560 19845.5 -201262 45444.9 85353.3 -19191.6 -12027.3 
446110 280288 -798934 -601611 916631 193991 -766629 994776 212280 -2.11832e+06 731799 2.12687e+06 -1.69678e+06 -1.02932e+06 2.31213e+06 -271638 -2.26366e+06 1.07464e+06 1.62571e+06 -1.34845e+06 -860376 1.70888e+06 101641 -2.46832e+06 777648 3.0244e+06 -1.86674e+06 -2.6952e+06 3.03376e+06 1.34722e+06 -3.66699e+06 474886 3.29962e+06 -1.91491e+06 -2.11765e+06 2.68635e+06 640602 -3.02079e+06 617221 3.1153e+06 -1.56011e+06 -2.93851e+06 2.3854e+06 2.20664e+06 -3.01823e+06 -869026 3.16585e+06 -654955 -2.58495e+06 1.85822e+06 1.39139e+06 -2.39041e+06 -147335 2.30016e+06 -715259 -1.92727e+06 1.15177e+06 1.453e+06 -1.31896e+06 -923829 1.4118e+06 333111 -1.37343e+06 325664 1.02399e+06 -855591 -433253 1.04935e+06 -161725 -895619 514654 506005 -513557 -105554 305971 -117675 -99380.1 162729 -14461 -107562 31483.6 35468.6 -9785.12 -3324.83 
-1.5817e+06 -798934 2.5584e+06 1.67824e+06 -2.58687e+06 -448411 1.96545e+06 -3.06656e+06 -389692 6.36135e+06 -2.18148e+06 -6.24333e+06 4.88756e+06 2.96656e+06 -6.9431e+06 791248 7.0691e+06 -3.22614e+06 -5.095e+06 4.12585e+06 2.59261e+06 -5.30371e+06 -74330.1 7.70302e+06 -2.65804e+06 -9.23714e+06 5.715e+06 8.01493e+06 -9.06609e+06 -3.9254e+06 1.1056e+07 -1.49065e+06 -1.00891e+07 5.74105e+06 6.5952e+06 -8.06969e+06 -2.0466e+06 9.22991e+06 -1.92658e+06 -9.63909e+06 4.86358e+06 9.07445e+06 -7.30737e+06 -6.70754e+06 9.104e+06 2.57725e+06 -9.56161e+06 1.95642e+06 7.92662e+06 -5.52908e+06 -4.3843e+06 7.14279e+06 641384 -6.96289e+06 2.05039e+06 6.00622e+06 -3.52232e+06 -4.5954e+06 4.04621e+06 2.88123e+06 -4.28462e+06 -1.04269e+06 4.17046e+06 -964384 -3.10826e+06 2.54105e+06 1.3722e+06 -3.0727e+06 355255 2.66305e+06 -1.45212e+06 -1.58855e+06 1.51594e+06 410485 -934279 273013 346467 -448275 2626.23 333379 -85342.4 -126527 31011.2 15377.5 
-916741 -601611 1.67824e+06 1.29915e+06 -1.97618e+06 -430842 1.6784e+06 -2.11132e+06 -485404 4.51189e+06 -1.56011e+06 -4.55122e+06 3.6478e+06 2.21033e+06 -4.92872e+06 585691 4.78483e+06 -2.28853e+06 -3.43649e+06 2.86233e+06 1.82966e+06 -3.62185e+06 -245903 5.22028e+06 -1.61053e+06 -6.42507e+06 3.96429e+06 5.75522e+06 -6.4727e+06 -2.88403e+06 7.80932e+06 -1.00368e+06 -7.0094e+06 4.08147e+06 4.47998e+06 -5.72452e+06 -1.34728e+06 6.41558e+06 -1.30547e+06 -6.60242e+06 3.30034e+06 6.22958e+06 -5.06208e+06 -4.6921e+06 6.42739e+06 1.85729e+06 -6.74127e+06 1.3984e+06 5.48686e+06 -3.96604e+06 -2.93936e+06 5.09728e+06 287390 -4.8955e+06 1.53825e+06 4.0774e+06 -2.44362e+06 -3.06588e+06 2.79871e+06 1.95688e+06 -3.00316e+06 -703992 2.92e+06 -695418 -2.17912e+06 1.82566e+06 914895 -2.24717e+06 362578 1.91179e+06 -1.10846e+06 -1.06848e+06 1.09725e+06 213269 -650020 261146 204980 -352004 36193.1 227318 -67899.9 -72876.7 20539.4 6490.81 
1.41582e+06 916631 -2.58687e+06 -1.97618e+06 3.03736e+06 640121 -2.56433e+06 3.25775e+06 716621 -6.93934e+06 2.42861e+06 7.00278e+06 -5.62876e+06 -3.40965e+06 7.59239e+06 -899324 -7.37787e+06 3.54452e+06 5.31478e+06 -4.45078e+06 -2.837e+06 5.6207e+06 370673 -8.06254e+06 2.52162e+06 9.90147e+06 -6.15839e+06 -8.86998e+06 1.00049e+07 4.45549e+06 -1.20421e+07 1.53805e+06 1.08076e+07 -6.30444e+06 -6.92498e+06 8.86135e+06 2.10659e+06 -9.9318e+06 1.99784e+06 1.02068e+07 -5.1047e+06 -9.61655e+06 7.84025e+06 7.24408e+06 -9.94108e+06 -2.88228e+06 1.04102e+07 -2.13476e+06 -8.47087e+06 6.10553e+06 4.55308e+06 -7.8694e+06 -474329 7.5728e+06 -2.34551e+06 -6.31332e+06 3.7598e+06 4.74777e+06 -4.32468e+06 -3.03241e+06 4.64485e+06 1.09948e+06 -4.51229e+06 1.05713e+06 3.36682e+06 -2.80158e+06 -1.42034e+06 3.45736e+06 -544013 -2.94806e+06 1.69346e+06 1.6547e+06 -1.68253e+06 -338959 1.00102e+06 -393856 -319774 537061 -51399.4 -348130 102354 112105 -31181 -10137.9 
195080 193991 -448411 -430842 640121 178594 -608415 592361 226786 -1.33527e+06 462664 1.39511e+06 -1.1357e+06 -696343 1.44833e+06 -177872 -1.32287e+06 676708 944702 -815826 -541432 1.00065e+06 152184 -1.43651e+06 369187 1.84065e+06 -1.12858e+06 -1.72449e+06 1.91513e+06 895954 -2.28094e+06 272848 2.00163e+06 -1.2075e+06 -1.24247e+06 1.6849e+06 358120 -1.83311e+06 360696 1.84352e+06 -914649 -1.747e+06 1.44458e+06 1.35331e+06 -1.87641e+06 -556735 1.96178e+06 -416240 -1.55731e+06 1.18912e+06 792310 -1.51648e+06 -15202.6 1.42125e+06 -488132 -1.12476e+06 703699 821111 -798164 -535181 868693 190837 -843845 212205 627655 -551469 -242422 690063 -152192 -573088 360798 291781 -334812 -29298.9 187250 -105884 -44619.3 118482 -24844.1 -64703.1 24101.4 15186 -5893.84 -1.3196 
-962528 -766629 1.96545e+06 1.6784e+06 -2.56433e+06 -608415 2.30582e+06 -2.56351e+06 -750842 5.58095e+06 -1.97255e+06 -5.73861e+06 4.68308e+06 2.83676e+06 -6.108e+06 740203 5.73845e+06 -2.85814e+06 -4.12511e+06 3.53569e+06 2.28187e+06 -4.40528e+06 -466684 6.27763e+06 -1.80251e+06 -7.85302e+06 4.88794e+06 7.19585e+06 -8.09034e+06 -3.67784e+06 9.65867e+06 -1.18744e+06 -8.56448e+06 5.08419e+06 5.40436e+06 -7.13916e+06 -1.61319e+06 7.88666e+06 -1.54997e+06 -8.01147e+06 3.98131e+06 7.55745e+06 -6.21359e+06 -5.77264e+06 7.97881e+06 2.34844e+06 -8.3414e+06 1.71989e+06 6.69882e+06 -4.94937e+06 -3.51748e+06 6.36281e+06 243235 -6.05995e+06 1.95261e+06 4.92659e+06 -2.97767e+06 -3.65492e+06 3.42047e+06 2.36486e+06 -3.70875e+06 -857197 3.6002e+06 -857025 -2.68649e+06 2.27256e+06 1.09277e+06 -2.83852e+06 530038 2.39237e+06 -1.4279e+06 -1.28285e+06 1.37133e+06 206251 -794005 374134 223020 -460631 70319.4 272068 -88691.3 -75444 23822.9 4189.03 
1.83187e+06 994776 -3.06656e+06 -2.11132e+06 3.25775e+06 592361 -2.56351e+06 3.76059e+06 581339 -7.82926e+06 2.70346e+06 7.74894e+06 -6.14673e+06 -3.70664e+06 8.57702e+06 -999419 -8.5915e+06 3.97499e+06 6.19016e+06 -5.06435e+06 -3.18018e+06 6.49969e+06 181481 -9.38837e+06 3.13295e+06 1.13323e+07 -7.01766e+06 -9.91907e+06 1.12258e+07 4.87711e+06 -1.36349e+07 1.81368e+06 1.23813e+07 -7.08386e+06 -8.03238e+06 9.96171e+06 2.46812e+06 -1.13323e+07 2.3426e+06 1.17918e+07 -5.92078e+06 -1.11022e+07 8.95148e+06 8.24758e+06 -1.12289e+07 -3.20091e+06 1.17929e+07 -2.41661e+06 -9.72071e+06 6.83373e+06 5.33737e+06 -8.82046e+06 -716012 8.57781e+06 -2.56544e+06 -7.32631e+06 4.30227e+06 5.5835e+06 -4.95088e+06 -3.52767e+06 5.27224e+06 1.27483e+06 -5.12799e+06 1.18707e+06 3.83134e+06 -3.1341e+06 -1.67303e+06 3.82115e+06 -489704 -3.29438e+06 1.82194e+06 1.92987e+06 -1.87333e+06 -473966 1.14407e+06 -365165 -405912 566686 -18939 -402992 105959 146521 -36487.4 -17139.1 
100413 212280 -389692 -485404 716621 226786 -750842 581339 326930 -1.36157e+06 481597 1.4775e+06 -1.25407e+06 -756610 1.48996e+06 -196197 -1.24747e+06 690123 882550 -807282 -543530 970162 240522 -1.36638e+06 249886 1.8289e+06 -1.11663e+06 -1.79475e+06 1.98696e+06 955347 -2.32749e+06 257283 1.9875e+06 -1.23819e+06 -1.18098e+06 1.72514e+06 315791 -1.82142e+06 342119 1.7891e+06 -866345 -1.70112e+06 1.42199e+06 1.35841e+06 -1.91114e+06 -583811 1.99712e+06 -431077 -1.53876e+06 1.23419e+06 739195 -1.56347e+06 57906.4 1.43771e+06 -536086 -1.07255e+06 690845 758209 -782415 -514601 873980 181679 -848006 219944 634676 -571255 -225330 735416 -204210 -596136 402182 272272 -350087 2993.88 185030 -136851 -26871.5 135469 -40492.8 -60913.8 26967.3 7480.42 -4955.33 1889.53 
-3.71441e+06 -2.11832e+06 6.36135e+06 4.51189e+06 -6.93934e+06 -1.33527e+06 5.58095e+06 -7.82926e+06 -1.36157e+06 1.64403e+07 -5.689e+06 -1.63591e+07 1.29953e+07 7.86462e+06 -1.79788e+07 2.0954e+06 1.78745e+07 -8.35727e+06 -1.2872e+07 1.0592e+07 6.69452e+06 -1.35157e+07 -530233 1.95135e+07 -6.40502e+06 -2.36755e+07 1.46676e+07 2.08637e+07 -2.35697e+07 -1.03344e+07 2.85651e+07 -3.75674e+06 -2.5853e+07 1.48802e+07 1.67213e+07 -2.09128e+07 -5.12492e+06 2.36862e+07 -4.86452e+06 -2.45547e+07 1.23258e+07 2.31288e+07 -1.8716e+07 -1.7252e+07 2.35366e+07 6.73887e+06 -2.46954e+07 5.06673e+06 2.02858e+07 -1.43769e+07 -1.10633e+07 1.85441e+07 1.38485e+06 -1.79648e+07 5.43578e+06 1.52393e+07 -9.00247e+06 -1.15665e+07 1.03463e+07 7.32147e+06 -1.10364e+07 -2.64848e+06 1.07335e+07 -2.50081e+06 -8.00927e+06 6.60166e+06 3.45891e+06 -8.0666e+06 1.10548e+06 6.93206e+06 -3.88341e+06 -4.011e+06 3.95165e+06 933060 -2.39276e+06 818567 825136 -1.21537e+06 64696.3 842414 -230668 -296115 76608.3 32126.4 
1.2499e+06 731799 -2.18148e+06 -1.56011e+06 2.42861e+06 462664 -1.97255e+06 2.70346e+06 481597 -5.689e+06 2.00454e+06 5.69001e+06 -4.54923e+06 -2.75592e+06 6.22993e+06 -724828 -6.15669e+06 2.92109e+06 4.44816e+06 -3.70587e+06 -2.34372e+06 4.69716e+06 218557 -6.73371e+06 2.21077e+06 8.18216e+06 -5.12327e+06 -7.25209e+06 8.21486e+06 3.62299e+06 -9.90561e+06 1.28017e+06 8.9378e+06 -5.18074e+06 -5.78155e+06 7.2987e+06 1.79181e+06 -8.23734e+06 1.65743e+06 8.49817e+06 -4.26471e+06 -7.99248e+06 6.51204e+06 5.98308e+06 -8.1963e+06 -2.36588e+06 8.57711e+06 -1.73511e+06 -7.02157e+06 4.98987e+06 3.82375e+06 -6.45657e+06 -479309 6.25244e+06 -1.87434e+06 -5.27887e+06 3.10638e+06 3.9938e+06 -3.58736e+06 -2.53598e+06 3.83848e+06 927075 -3.72864e+06 853959 2.78005e+06 -2.28304e+06 -1.197e+06 2.80603e+06 -390665 -2.41183e+06 1.34827e+06 1.38816e+06 -1.36682e+06 -317193 826495 -289623 -282123 423202 -25084.1 -288353 79584.6 98917.9 -25898.7 -10204.7 
3.56084e+06 2.12687e+06 -6.24333e+06 -4.55122e+06 7.00278e+06 1.39511e+06 -5.73861e+06 7.74894e+06 1.4775e+06 -1.63591e+07 5.69001e+06 1.63675e+07 -1.30616e+07 -7.90949e+06 1.78934e+07 -2.09766e+06 -1.76383e+07 8.33583e+06 1.2707e+07 -1.05295e+07 -6.67672e+06 1.33795e+07 659405 -1.92636e+07 6.21736e+06 2.34774e+07 -1.45756e+07 -2.08208e+07 2.35103e+07 1.03721e+07 -2.8413e+07 3.69342e+06 2.56331e+07 -1.48326e+07 -1.65242e+07 2.08496e+07 5.05514e+06 -2.35191e+07 4.78817e+06 2.42975e+07 -1.21814e+07 -2.28865e+07 1.85789e+07 1.7136e+07 -2.34342e+07 -6.74401e+06 2.4566e+07 -5.03504e+06 -2.01062e+07 1.43403e+07 1.09074e+07 -1.84954e+07 -1.28372e+06 1.78734e+07 -5.4515e+06 -1.50624e+07 8.92241e+06 1.13921e+07 -1.02605e+07 -7.23553e+06 1.09736e+07 2.62111e+06 -1.06669e+07 2.48797e+06 7.95882e+06 -6.58186e+06 -3.40751e+06 8.07434e+06 -1.1678e+06 -6.91896e+06 3.91153e+06 3.95838e+06 -3.94466e+06 -880376 2.37316e+06 -857162 -796128 1.23051e+06 -85463.4 -831428 233840 283090 -75189.5 -28889.4 
-2.72666e+06 -1.69678e+06 4.88756e+06 3.6478e+06 -5.62876e+06 -1.1357e+06 4.68308e+06 -6.14673e+06 -1.25407e+06 1.29953e+07 -4.54923e+06 -1.30616e+07 1.05015e+07 6.33728e+06 -1.4247e+07 1.68788e+06 1.39203e+07 -6.63603e+06 -1.00321e+07 8.37186e+06 5.30385e+06 -1.06224e+07 -603059 1.52323e+07 -4.83189e+06 -1.86239e+07 1.15882e+07 1.65956e+07 -1.87569e+07 -8.28957e+06 2.26077e+07 -2.91245e+06 -2.03394e+07 1.18097e+07 1.30633e+07 -1.66121e+07 -3.9837e+06 1.8684e+07 -3.77342e+06 -1.92566e+07 9.62871e+06 1.81338e+07 -1.47426e+07 -1.3616e+07 1.86594e+07 5.39356e+06 -1.95534e+07 4.00053e+06 1.59526e+07 -1.14197e+07 -8.62365e+06 1.4731e+07 966173 -1.42226e+07 4.35981e+06 1.19223e+07 -7.05873e+06 -8.99671e+06 8.13225e+06 5.73939e+06 -8.72629e+06 -2.08131e+06 8.47783e+06 -1.97141e+06 -6.3333e+06 5.23207e+06 2.69752e+06 -6.44991e+06 969617 5.51456e+06 -3.13423e+06 -3.12619e+06 3.13835e+06 675190 -1.88029e+06 704265 615688 -989318 80445.4 653300 -185833 -216497 58041.3 21349.1 
-1.65471e+06 -1.02932e+06 2.96656e+06 2.21033e+06 -3.40965e+06 -696343 2.83676e+06 -3.70664e+06 -756610 7.86462e+06 -2.75592e+06 -7.90949e+06 6.33728e+06 3.84332e+06 -8.60234e+06 1.01138e+06 8.41761e+06 -4.02371e+06 -6.07112e+06 5.06991e+06 3.22528e+06 -6.40961e+06 -375423 9.19702e+06 -2.93294e+06 -1.12516e+07 7.01326e+06 1.00394e+07 -1.13364e+07 -5.03372e+06 1.36569e+07 -1.75243e+06 -1.22835e+07 7.1489e+06 7.9008e+06 -1.00549e+07 -2.42106e+06 1.12983e+07 -2.27459e+06 -1.16283e+07 5.82604e+06 1.09495e+07 -8.92605e+06 -8.22873e+06 1.12834e+07 3.26545e+06 -1.18124e+07 2.41179e+06 9.63465e+06 -6.91034e+06 -5.2037e+06 8.91827e+06 583089 -8.60037e+06 2.63351e+06 7.20438e+06 -4.27474e+06 -5.42977e+06 4.92237e+06 3.45889e+06 -5.27726e+06 -1.25738e+06 5.12636e+06 -1.19281e+06 -3.82295e+06 3.16884e+06 1.62453e+06 -3.90272e+06 588220 3.33741e+06 -1.89899e+06 -1.89112e+06 1.90103e+06 403663 -1.1377e+06 429686 372924 -600104 49509.2 396615 -114182 -131003 35712.9 12471 
4.04964e+06 2.31213e+06 -6.9431e+06 -4.92872e+06 7.59239e+06 1.44833e+06 -6.108e+06 8.57702e+06 1.48996e+06 -1.79788e+07 6.22993e+06 1.78934e+07 -1.4247e+07 -8.60234e+06 1.96868e+07 -2.30354e+06 -1.95498e+07 9.14108e+06 1.40805e+07 -1.15954e+07 -7.31366e+06 1.48133e+07 575500 -2.13621e+07 6.99855e+06 2.59128e+07 -1.60602e+07 -2.28322e+07 2.58129e+07 1.12967e+07 -3.12747e+07 4.11373e+06 2.83027e+07 -1.62823e+07 -1.8295e+07 2.28914e+07 5.60245e+06 -2.59308e+07 5.32202e+06 2.68879e+07 -1.34846e+07 -2.53225e+07 2.04787e+07 1.88861e+07 -2.57692e+07 -7.38018e+06 2.70431e+07 -5.54519e+06 -2.221e+07 1.57278e+07 1.21187e+07 -2.02896e+07 -1.52025e+06 1.96686e+07 -5.94643e+06 -1.66838e+07 9.83965e+06 1.26672e+07 -1.13184e+07 -8.02653e+06 1.20819e+07 2.90308e+06 -1.17487e+07 2.73098e+06 8.77397e+06 -7.21562e+06 -3.79317e+06 8.82657e+06 -1.20803e+06 -7.585e+06 4.2441e+06 4.38862e+06 -4.31889e+06 -1.026e+06 2.61697e+06 -891998 -901692 1.32778e+06 -69955.2 -918890 249992 323061 -82950.5 -35477.3 
-449295 -271638 791248 585691 -899324 -177872 740203 -999419 -196197 2.0954e+06 -724828 -2.09766e+06 1.68788e+06 1.01138e+06 -2.30354e+06 277080 2.25692e+06 -1.06179e+06 -1.62445e+06 1.34265e+06 844695 -1.72049e+06 -82109.4 2.47222e+06 -782153 -3.01587e+06 1.86293e+06 2.6719e+06 -3.01934e+06 -1.31946e+06 3.65189e+06 -478081 -3.29527e+06 1.89836e+06 2.1138e+06 -2.668e+06 -637779 3.01169e+06 -617817 -3.12026e+06 1.55722e+06 2.94034e+06 -2.37208e+06 -2.19948e+06 3.00433e+06 863307 -3.15694e+06 652352 2.58226e+06 -1.83854e+06 -1.40165e+06 2.3666e+06 160077 -2.29157e+06 705041 1.92942e+06 -1.13965e+06 -1.46215e+06 1.31181e+06 933234 -1.40649e+06 -334986 1.36668e+06 -319952 -1.02448e+06 842416 439512 -1.03692e+06 152356 886505 -502008 -505498 505139 113723 -304109 109685 100588 -157869 11409.5 105561 -29114.4 -36003.3 9296.27 3937.97 
-4.2748e+06 -2.26366e+06 7.0691e+06 4.78483e+06 -7.37787e+06 -1.32287e+06 5.73845e+06 -8.5915e+06 -1.24747e+06 1.78745e+07 -6.15669e+06 -1.76383e+07 1.39203e+07 8.41761e+06 -1.95498e+07 2.25692e+06 1.96997e+07 -9.07168e+06 -1.41929e+07 1.15703e+07 7.27112e+06 -1.48517e+07 -345686 2.15012e+07 -7.26377e+06 -2.58941e+07 1.60287e+07 2.25972e+07 -2.55661e+07 -1.11005e+07 3.10981e+07 -4.15571e+06 -2.82862e+07 1.61559e+07 1.84023e+07 -2.27136e+07 -5.67526e+06 2.58868e+07 -5.3699e+06 -2.69677e+07 1.35665e+07 2.53909e+07 -2.04671e+07 -1.88304e+07 2.56091e+07 7.28194e+06 -2.68942e+07 5.50829e+06 2.22138e+07 -1.55774e+07 -1.22256e+07 2.0112e+07 1.69101e+06 -1.95705e+07 5.82263e+06 1.67735e+07 -9.84964e+06 -1.27994e+07 1.13245e+07 8.06244e+06 -1.20339e+07 -2.91598e+06 1.17088e+07 -2.71065e+06 -8.73819e+06 7.15105e+06 3.82907e+06 -8.69098e+06 1.07658e+06 7.50686e+06 -4.13298e+06 -4.42535e+06 4.27146e+06 1.10486e+06 -2.61614e+06 811591 943048 -1.28226e+06 31139.2 926433 -241857 -341819 84817.3 40366 
1.87018e+06 1.07464e+06 -3.22614e+06 -2.28853e+06 3.54452e+06 676708 -2.85814e+06 3.97499e+06 690123 -8.35727e+06 2.92109e+06 8.33583e+06 -6.63603e+06 -4.02371e+06 9.14108e+06 -1.06179e+06 -9.07168e+06 4.27416e+06 6.54735e+06 -5.4214e+06 -3.42982e+06 6.88903e+06 291724 -9.90956e+06 3.2662e+06 1.20278e+07 -7.49982e+06 -1.06287e+07 1.20238e+07 5.2915e+06 -1.45328e+07 1.89327e+06 1.31358e+07 -7.59041e+06 -8.50437e+06 1.06824e+07 2.62793e+06 -1.20779e+07 2.45211e+06 1.24876e+07 -6.27231e+06 -1.17515e+07 9.54996e+06 8.78093e+06 -1.20062e+07 -3.45278e+06 1.25761e+07 -2.5581e+06 -1.03147e+07 7.31852e+06 5.62442e+06 -9.45864e+06 -711463 9.1622e+06 -2.75286e+06 -7.75679e+06 4.57233e+06 5.87771e+06 -5.26906e+06 -3.72436e+06 5.6271e+06 1.35596e+06 -5.46862e+06 1.26138e+06 4.07717e+06 -3.3543e+06 -1.75909e+06 4.10954e+06 -563986 -3.53355e+06 1.97464e+06 2.04156e+06 -2.00777e+06 -472077 1.21576e+06 -419119 -418619 618787 -33706.7 -426374 117148 148436 -38676 -15696.6 
3.08235e+06 1.62571e+06 -5.095e+06 -3.43649e+06 5.31478e+06 944702 -4.12511e+06 6.19016e+06 882550 -1.2872e+07 4.44816e+06 1.2707e+07 -1.00321e+07 -6.07112e+06 1.40805e+07 -1.62445e+06 -1.41929e+07 6.54735e+06 1.02378e+07 -8.35773e+06 -5.25184e+06 1.07177e+07 247555 -1.54939e+07 5.25389e+06 1.86533e+07 -1.15759e+07 -1.62844e+07 1.84344e+07 8.0085e+06 -2.24049e+07 2.98681e+06 2.03787e+07 -1.16499e+07 -1.32685e+07 1.63884e+07 4.10726e+06 -1.86729e+07 3.85925e+06 1.94411e+07 -9.78478e+06 -1.82968e+07 1.47682e+07 1.35723e+07 -1.84698e+07 -5.25902e+06 1.93852e+07 -3.95722e+06 -1.6008e+07 1.12215e+07 8.81747e+06 -1.45001e+07 -1.23334e+06 1.41157e+07 -4.18282e+06 -1.20975e+07 7.09389e+06 9.22965e+06 -8.1663e+06 -5.81507e+06 8.67941e+06 2.10735e+06 -8.44146e+06 1.94583e+06 6.29883e+06 -5.14705e+06 -2.76249e+06 6.26051e+06 -769712 -5.41033e+06 2.97127e+06 3.19212e+06 -3.07408e+06 -800174 1.88494e+06 -581635 -681248 921779 -20539.8 -666540 173409 246205 -61022.4 -29119.9 
-2.42855e+06 -1.34845e+06 4.12585e+06 2.86233e+06 -4.45078e+06 -815826 3.53569e+06 -5.06435e+06 -807282 1.0592e+07 -3.70587e+06 -1.05295e+07 8.37186e+06 5.06991e+06 -1.15954e+07 1.34265e+06 1.15703e+07 -5.4214e+06 -8.35773e+06 6.90236e+06 4.35061e+06 -8.79331e+06 -308657 1.26461e+07 -4.22713e+06 -1.52932e+07 9.5491e+06 1.34584e+07 -1.52478e+07 -6.67763e+06 1.84469e+07 -2.41674e+06 -1.67079e+07 9.62491e+06 1.08467e+07 -1.35554e+07 -3.36671e+06 1.53673e+07 -3.1254e+06 -1.59186e+07 8.00096e+06 1.49724e+07 -1.21527e+07 -1.11601e+07 1.52455e+07 4.37515e+06 -1.59712e+07 3.238e+06 1.3128e+07 -9.26494e+06 -7.19214e+06 1.19868e+07 959332 -1.16404e+07 3.46126e+06 9.8994e+06 -5.80965e+06 -7.51951e+06 6.70401e+06 4.75725e+06 -7.15136e+06 -1.73424e+06 6.94964e+06 -1.59191e+06 -5.18309e+06 4.24176e+06 2.25301e+06 -5.19006e+06 679058 4.47425e+06 -2.47622e+06 -2.60764e+06 2.53627e+06 625615 -1.54499e+06 508450 543301 -772836 31400.4 542046 -145077 -192948 49086.7 21384.8 
-1.50613e+06 -860376 2.59261e+06 1.82966e+06 -2.837e+06 -541432 2.28187e+06 -3.18018e+06 -543530 6.69452e+06 -2.34372e+06 -6.67672e+06 5.30385e+06 3.22528e+06 -7.31366e+06 844695 7.27112e+06 -3.42982e+06 -5.25184e+06 4.35061e+06 2.75743e+06 -5.51738e+06 -233203 7.93692e+06 -2.63191e+06 -9.63023e+06 6.01576e+06 8.51185e+06 -9.62773e+06 -4.24635e+06 1.16329e+07 -1.51242e+06 -1.05159e+07 6.08332e+06 6.8182e+06 -8.56298e+06 -2.11596e+06 9.67993e+06 -1.96038e+06 -1.00014e+07 5.03023e+06 9.40981e+06 -7.66011e+06 -7.03239e+06 9.61906e+06 2.76803e+06 -1.00686e+07 2.04274e+06 8.25928e+06 -5.86137e+06 -4.5052e+06 7.58029e+06 576383 -7.34104e+06 2.1986e+06 6.21689e+06 -3.66555e+06 -4.70898e+06 4.2248e+06 2.98051e+06 -4.50903e+06 -1.08753e+06 4.38149e+06 -1.00885e+06 -3.26321e+06 2.68693e+06 1.4079e+06 -3.28988e+06 448364 2.83068e+06 -1.57978e+06 -1.63757e+06 1.60811e+06 378765 -974189 334954 336963 -495076 26117.2 342265 -94291.3 -119332 31261.6 12482.7 
3.17203e+06 1.70888e+06 -5.30371e+06 -3.62185e+06 5.6207e+06 1.00065e+06 -4.40528e+06 6.49969e+06 970162 -1.35157e+07 4.69716e+06 1.33795e+07 -1.06224e+07 -6.40961e+06 1.48133e+07 -1.72049e+06 -1.48517e+07 6.88903e+06 1.07177e+07 -8.79331e+06 -5.51738e+06 1.12678e+07 306140 -1.62388e+07 5.4594e+06 1.95791e+07 -1.21775e+07 -1.71396e+07 1.94248e+07 8.44266e+06 -2.35634e+07 3.12326e+06 2.1396e+07 -1.22565e+07 -1.39025e+07 1.72547e+07 4.29949e+06 -1.96275e+07 4.03231e+06 2.04051e+07 -1.02515e+07 -1.91975e+07 1.55108e+07 1.42633e+07 -1.94386e+07 -5.5515e+06 2.03955e+07 -4.15288e+06 -1.68098e+07 1.18019e+07 9.24446e+06 -1.52572e+07 -1.27032e+06 1.48504e+07 -4.40565e+06 -1.26897e+07 7.43002e+06 9.6701e+06 -8.56816e+06 -6.1098e+06 9.12708e+06 2.21752e+06 -8.87343e+06 2.03649e+06 6.62715e+06 -5.40439e+06 -2.90009e+06 6.59647e+06 -830532 -5.69459e+06 3.13336e+06 3.34361e+06 -3.22899e+06 -828928 1.97635e+06 -622558 -705906 973834 -28164.2 -694661 181188 253160 -62741.2 -29671.7 
-86283.4 101641 -74330.1 -245903 370673 152184 -466684 181481 240522 -530233 218557 659405 -603059 -375423 575500 -82109.4 -345686 291724 247555 -308657 -233203 306140 221910 -382038 -42535.8 628169 -418138 -752280 822822 463169 -887409 54003.4 676967 -507534 -351590 711325 86588.8 -661668 80082.4 560678 -258879 -533509 515834 496140 -755261 -264047 763276 -156153 -518558 512121 187390 -651348 110081 555324 -244639 -320214 237098 180827 -272628 -147939 331393 57702 -317063 84224.7 233104 -235157 -52670 329783 -142436 -252108 201303 75654.1 -148346 48024.7 64336.2 -94212.5 12488.1 72799.8 -35679.5 -17834.9 15233.9 -8045.89 -1146.2 3883.8 
-4.64995e+06 -2.46832e+06 7.70302e+06 5.22028e+06 -8.06254e+06 -1.43651e+06 6.27763e+06 -9.38837e+06 -1.36638e+06 1.95135e+07 -6.73371e+06 -1.92636e+07 1.52323e+07 9.19702e+06 -2.13621e+07 2.47222e+06 2.15012e+07 -9.90956e+06 -1.54939e+07 1.26461e+07 7.93692e+06 -1.62388e+07 -382038 2.34838e+07 -7.9223e+06 -2.8281e+07 1.75194e+07 2.46862e+07 -2.79473e+07 -1.21236e+07 3.3979e+07 -4.53694e+06 -3.08986e+07 1.76493e+07 2.00933e+07 -2.48217e+07 -6.1961e+06 2.82862e+07 -5.8591e+06 -2.94638e+07 1.48125e+07 2.77363e+07 -2.23566e+07 -2.05725e+07 2.79869e+07 7.96291e+06 -2.93912e+07 6.01334e+06 2.42684e+07 -1.70124e+07 -1.33585e+07 2.197e+07 1.84867e+06 -2.13865e+07 6.35738e+06 1.83241e+07 -1.07471e+07 -1.3983e+07 1.23659e+07 8.81538e+06 -1.31491e+07 -3.18971e+06 1.27922e+07 -2.9546e+06 -9.55139e+06 7.804e+06 4.18717e+06 -9.49435e+06 1.17689e+06 8.20056e+06 -4.51147e+06 -4.83231e+06 4.66135e+06 1.20849e+06 -2.85578e+06 885381 1.02812e+06 -1.39961e+06 34187.8 1.0091e+06 -262456 -371845 91877.5 44103.4 
1.71455e+06 777648 -2.65804e+06 -1.61053e+06 2.52162e+06 369187 -1.80251e+06 3.13295e+06 249886 -6.40502e+06 2.21077e+06 6.21736e+06 -4.83189e+06 -2.93294e+06 6.99855e+06 -782153 -7.26377e+06 3.2662e+06 5.25389e+06 -4.22713e+06 -2.63191e+06 5.4594e+06 -42535.8 -7.9223e+06 2.86715e+06 9.38924e+06 -5.85144e+06 -8.04348e+06 9.14218e+06 3.90872e+06 -1.11755e+07 1.52815e+06 1.02645e+07 -5.79527e+06 -6.78056e+06 8.16719e+06 2.14583e+06 -9.41743e+06 1.96799e+06 9.88063e+06 -5.00446e+06 -9.28368e+06 7.46776e+06 6.81263e+06 -9.22587e+06 -2.59738e+06 9.68334e+06 -1.95226e+06 -8.08405e+06 5.54589e+06 4.53755e+06 -7.19606e+06 -766521 7.06842e+06 -2.00122e+06 -6.18472e+06 3.57888e+06 4.7634e+06 -4.13002e+06 -2.96883e+06 4.35427e+06 1.08307e+06 -4.23713e+06 955086 3.15631e+06 -2.54017e+06 -1.42559e+06 3.05577e+06 -283741 -2.67387e+06 1.40825e+06 1.64148e+06 -1.50976e+06 -466563 948929 -230029 -375637 428424 20337.1 -339709 80038.1 137098 -31722.5 -18160.3 
5.47427e+06 3.0244e+06 -9.23714e+06 -6.42507e+06 9.90147e+06 1.84065e+06 -7.85302e+06 1.13323e+07 1.8289e+06 -2.36755e+07 8.18216e+06 2.34774e+07 -1.86239e+07 -1.12516e+07 2.59128e+07 -3.01587e+06 -2.58941e+07 1.20278e+07 1.86533e+07 -1.52932e+07 -9.63023e+06 1.95791e+07 628169 -2.8281e+07 9.38924e+06 3.41996e+07 -2.11846e+07 -3.00095e+07 3.39376e+07 1.48009e+07 -4.11881e+07 5.45507e+06 3.73564e+07 -2.14236e+07 -2.42137e+07 3.01196e+07 7.43721e+06 -3.4208e+07 7.05354e+06 3.55431e+07 -1.78489e+07 -3.34699e+07 2.70283e+07 2.49017e+07 -3.3929e+07 -9.68755e+06 3.56177e+07 -7.30038e+06 -2.93236e+07 2.06779e+07 1.60606e+07 -2.66843e+07 -2.10422e+06 2.59107e+07 -7.78046e+06 -2.20766e+07 1.29953e+07 1.67985e+07 -1.49457e+07 -1.06178e+07 1.59232e+07 3.8398e+06 -1.54875e+07 3.59384e+06 1.15634e+07 -9.48887e+06 -5.02852e+06 1.15758e+07 -1.52017e+06 -9.96901e+06 5.53953e+06 5.81449e+06 -5.67461e+06 -1.39969e+06 3.45451e+06 -1.13171e+06 -1.21384e+06 1.72696e+06 -70230.7 -1.21726e+06 325279 437203 -110554 -49673.3 
-3.36894e+06 -1.86674e+06 5.715e+06 3.96429e+06 -6.15839e+06 -1.12858e+06 4.88794e+06 -7.01766e+06 -1.11663e+06 1.46676e+07 -5.12327e+06 -1.45756e+07 1.15882e+07 7.01326e+06 -1.60602e+07 1.86293e+06 1.60287e+07 -7.49982e+06 -1.15759e+07 9.5491e+06 6.01576e+06 -1.21775e+07 -418138 1.75194e+07 -5.85144e+06 -2.11846e+07 1.32145e+07 1.86331e+07 -2.11072e+07 -9.23408e+06 2.55464e+07 -3.35262e+06 -2.31448e+07 1.33222e+07 1.50221e+07 -1.87594e+07 -4.65612e+06 2.1274e+07 -4.33498e+06 -2.20491e+07 1.10802e+07 2.07411e+07 -1.68206e+07 -1.54544e+07 2.1104e+07 6.05228e+06 -2.21157e+07 4.49029e+06 1.8183e+07 -1.28277e+07 -9.96397e+06 1.65908e+07 1.32825e+06 -1.61146e+07 4.79649e+06 1.37093e+07 -8.04589e+06 -1.04174e+07 9.28224e+06 6.59089e+06 -9.90053e+06 -2.39948e+06 9.6216e+06 -2.20702e+06 -7.17831e+06 5.87371e+06 3.12173e+06 -7.18517e+06 939132 6.19348e+06 -3.4279e+06 -3.6109e+06 3.5121e+06 868576 -2.14003e+06 702297 752788 -1.06957e+06 42846.1 750898 -200515 -267931 67973.8 29939.1 
-4.62556e+06 -2.6952e+06 8.01493e+06 5.75522e+06 -8.86998e+06 -1.72449e+06 7.19585e+06 -9.91907e+06 -1.79475e+06 2.08637e+07 -7.25209e+06 -2.08208e+07 1.65956e+07 1.00394e+07 -2.28322e+07 2.6719e+06 2.25972e+07 -1.06287e+07 -1.62844e+07 1.34584e+07 8.51185e+06 -1.71396e+07 -752280 2.46862e+07 -8.04348e+06 -3.00095e+07 1.86331e+07 2.65297e+07 -2.99808e+07 -1.31776e+07 3.62688e+07 -4.7386e+06 -3.27721e+07 1.89148e+07 2.1164e+07 -2.65956e+07 -6.48827e+06 3.00621e+07 -6.13684e+06 -3.11076e+07 1.56024e+07 2.92943e+07 -2.37485e+07 -2.18922e+07 2.99109e+07 8.59095e+06 -3.1365e+07 6.42149e+06 2.57146e+07 -1.82717e+07 -1.39955e+07 2.35763e+07 1.71186e+06 -2.28223e+07 6.91881e+06 1.92974e+07 -1.14005e+07 -1.46227e+07 1.31175e+07 9.27596e+06 -1.40156e+07 -3.36067e+06 1.36247e+07 -3.16726e+06 -1.01689e+07 8.38227e+06 4.37668e+06 -1.02702e+07 1.44087e+06 8.8153e+06 -4.95311e+06 -5.07434e+06 5.02009e+06 1.15976e+06 -3.03237e+06 1.06196e+06 1.03268e+06 -1.55379e+06 93641.7 1.06324e+06 -293834 -368181 96116.6 39026.1 
5.24464e+06 3.03376e+06 -9.06609e+06 -6.4727e+06 1.00049e+07 1.91513e+06 -8.09034e+06 1.12258e+07 1.98696e+06 -2.35697e+07 8.21486e+06 2.35103e+07 -1.87569e+07 -1.13364e+07 2.58129e+07 -3.01934e+06 -2.55661e+07 1.20238e+07 1.84344e+07 -1.52478e+07 -9.62773e+06 1.94248e+07 822822 -2.79473e+07 9.14218e+06 3.39376e+07 -2.11072e+07 -2.99808e+07 3.39143e+07 1.48863e+07 -4.10141e+07 5.35801e+06 3.70692e+07 -2.13881e+07 -2.39561e+07 3.00907e+07 7.36152e+06 -3.40302e+07 6.93397e+06 3.52175e+07 -1.7662e+07 -3.31523e+07 2.68817e+07 2.4765e+07 -3.38431e+07 -9.72272e+06 3.54815e+07 -7.24434e+06 -2.90974e+07 2.06423e+07 1.58585e+07 -2.66542e+07 -1.97512e+06 2.58248e+07 -7.7944e+06 -2.18561e+07 1.28834e+07 1.65696e+07 -1.48405e+07 -1.05117e+07 1.58594e+07 3.81449e+06 -1.54151e+07 3.56688e+06 1.15073e+07 -9.46094e+06 -4.96393e+06 1.15974e+07 -1.60644e+06 -9.96296e+06 5.57854e+06 5.74725e+06 -5.66418e+06 -1.32811e+06 3.42767e+06 -1.18584e+06 -1.1736e+06 1.74818e+06 -98985.3 -1.2001e+06 328762 417309 -108043 -44770.6 
2.2116e+06 1.34722e+06 -3.9254e+06 -2.88403e+06 4.45549e+06 895954 -3.67784e+06 4.87711e+06 955347 -1.03344e+07 3.62299e+06 1.03721e+07 -8.28957e+06 -5.03372e+06 1.12967e+07 -1.31946e+06 -1.11005e+07 5.2915e+06 8.0085e+06 -6.67763e+06 -4.24635e+06 8.44266e+06 463169 -1.21236e+07 3.90872e+06 1.48009e+07 -9.23408e+06 -1.31776e+07 1.48863e+07 6.60408e+06 -1.79447e+07 2.30854e+06 1.61584e+07 -9.39384e+06 -1.04168e+07 1.32153e+07 3.20493e+06 -1.48703e+07 2.99597e+06 1.5315e+07 -7.68232e+06 -1.44177e+07 1.1755e+07 1.08216e+07 -1.48316e+07 -4.28694e+06 1.55236e+07 -3.16231e+06 -1.26795e+07 9.07216e+06 6.86382e+06 -1.17161e+07 -797140 1.13079e+07 -3.44189e+06 -9.49799e+06 5.62804e+06 7.16588e+06 -6.48157e+06 -4.55601e+06 6.94037e+06 1.65924e+06 -6.743e+06 1.56427e+06 5.02506e+06 -4.16031e+06 -2.14282e+06 5.1154e+06 -752626 -4.38173e+06 2.48156e+06 2.4958e+06 -2.49425e+06 -542831 1.49687e+06 -553376 -497656 782656 -59057.4 -523161 149283 174997 -47334.6 -16945.3 
-6.46745e+06 -3.66699e+06 1.1056e+07 7.80932e+06 -1.20421e+07 -2.28094e+06 9.65867e+06 -1.36349e+07 -2.32749e+06 2.85651e+07 -9.90561e+06 -2.8413e+07 2.26077e+07 1.36569e+07 -3.12747e+07 3.65189e+06 3.10981e+07 -1.45328e+07 -2.24049e+07 1.84469e+07 1.16329e+07 -2.35634e+07 -887409 3.3979e+07 -1.11755e+07 -4.11881e+07 2.55464e+07 3.62688e+07 -4.10141e+07 -1.79447e+07 4.96948e+07 -6.53903e+06 -4.4988e+07 2.5876e+07 2.91045e+07 -3.63858e+07 -8.92944e+06 4.12335e+07 -8.45901e+06 -4.27603e+07 2.14539e+07 4.02647e+07 -3.25711e+07 -3.00197e+07 4.0959e+07 1.17286e+07 -4.29768e+07 8.80092e+06 3.531e+07 -2.49831e+07 -1.92832e+07 3.22409e+07 2.44854e+06 -3.12655e+07 9.42779e+06 2.65427e+07 -1.56429e+07 -2.01585e+07 1.7999e+07 1.27666e+07 -1.92069e+07 -4.62171e+06 1.86768e+07 -4.33377e+06 -1.39447e+07 1.14599e+07 6.03618e+06 -1.40136e+07 1.89952e+06 1.20498e+07 -6.72908e+06 -6.98426e+06 6.8578e+06 1.64293e+06 -4.15991e+06 1.40621e+06 1.44003e+06 -2.1038e+06 105166 1.46134e+06 -396130 -515750 132084 56887.3 
911192 474886 -1.49065e+06 -1.00368e+06 1.53805e+06 272848 -1.18744e+06 1.81368e+06 257283 -3.75674e+06 1.28017e+06 3.69342e+06 -2.91245e+06 -1.75243e+06 4.11373e+06 -478081 -4.15571e+06 1.89327e+06 2.98681e+06 -2.41674e+06 -1.51242e+06 3.12326e+06 54003.4 -4.53694e+06 1.52815e+06 5.45507e+06 -3.35262e+06 -4.7386e+06 5.35801e+06 2.30854e+06 -6.53903e+06 885231 5.95981e+06 -3.38355e+06 -3.8735e+06 4.75111e+06 1.18326e+06 -5.43115e+06 1.14219e+06 5.68011e+06 -2.85356e+06 -5.35266e+06 4.2887e+06 3.95843e+06 -5.36777e+06 -1.51759e+06 5.65004e+06 -1.16774e+06 -4.67755e+06 3.26858e+06 2.57914e+06 -4.21138e+06 -357931 4.10351e+06 -1.22715e+06 -3.52963e+06 2.0728e+06 2.70123e+06 -2.37798e+06 -1.70043e+06 2.52409e+06 610556 -2.45786e+06 573672 1.83768e+06 -1.50226e+06 -808589 1.82094e+06 -221521 -1.57282e+06 865316 930930 -897016 -236973 550576 -166201 -199722 267612 -4911.15 -195409 50168.1 73263.2 -17823.9 -9025.19 
5.98317e+06 3.29962e+06 -1.00891e+07 -7.0094e+06 1.08076e+07 2.00163e+06 -8.56448e+06 1.23813e+07 1.9875e+06 -2.5853e+07 8.9378e+06 2.56331e+07 -2.03394e+07 -1.22835e+07 2.83027e+07 -3.29527e+06 -2.82862e+07 1.31358e+07 2.03787e+07 -1.67079e+07 -1.05159e+07 2.1396e+07 676967 -3.08986e+07 1.02645e+07 3.73564e+07 -2.31448e+07 -3.27721e+07 3.70692e+07 1.61584e+07 -4.4988e+07 5.95981e+06 4.08068e+07 -2.33976e+07 -2.64526e+07 3.28983e+07 8.12683e+06 -3.73696e+07 7.70462e+06 3.88325e+07 -1.94994e+07 -3.65652e+07 2.95248e+07 2.72009e+07 -3.70612e+07 -1.05816e+07 3.89064e+07 -7.97162e+06 -3.20338e+07 2.25798e+07 1.7551e+07 -2.91416e+07 -2.30746e+06 2.83035e+07 -8.49223e+06 -2.41208e+07 1.41915e+07 1.83572e+07 -1.63253e+07 -1.16039e+07 1.73937e+07 4.19687e+06 -1.69171e+07 3.92234e+06 1.26324e+07 -1.03595e+07 -5.49655e+06 1.26392e+07 -1.65478e+06 -1.08865e+07 6.04471e+06 6.35269e+06 -6.19482e+06 -1.53339e+06 3.77291e+06 -1.23203e+06 -1.32715e+06 1.88394e+06 -74940.1 -1.32891e+06 354259 477894 -120566 -54508.5 
-3.333e+06 -1.91491e+06 5.74105e+06 4.08147e+06 -6.30444e+06 -1.2075e+06 5.08419e+06 -7.08386e+06 -1.23819e+06 1.48802e+07 -5.18074e+06 -1.48326e+07 1.18097e+07 7.1489e+06 -1.62823e+07 1.89836e+06 1.61559e+07 -7.59041e+06 -1.16499e+07 9.62491e+06 6.08332e+06 -1.22565e+07 -507534 1.76493e+07 -5.79527e+06 -2.14236e+07 1.33222e+07 1.89148e+07 -2.13881e+07 -9.39384e+06 2.5876e+07 -3.38355e+06 -2.33976e+07 1.34978e+07 1.51344e+07 -1.89864e+07 -4.65687e+06 2.1479e+07 -4.38078e+06 -2.22321e+07 1.11593e+07 2.09295e+07 -1.69746e+07 -1.56296e+07 2.13526e+07 6.13106e+06 -2.23839e+07 4.57055e+06 1.8366e+07 -1.30263e+07 -1.0014e+07 1.68205e+07 1.25647e+06 -1.62954e+07 4.91371e+06 1.38017e+07 -8.14062e+06 -1.04652e+07 9.37286e+06 6.63235e+06 -1.00086e+07 -2.40733e+06 9.72889e+06 -2.25301e+06 -7.25868e+06 5.97339e+06 3.13256e+06 -7.31442e+06 1.00657e+06 6.28609e+06 -3.51753e+06 -3.6314e+06 3.57578e+06 841154 -2.16489e+06 745480 744274 -1.1019e+06 60411.3 759549 -208250 -265117 68787 28412.3 
-3.96948e+06 -2.11765e+06 6.5952e+06 4.47998e+06 -6.92498e+06 -1.24247e+06 5.40436e+06 -8.03238e+06 -1.18098e+06 1.67213e+07 -5.78155e+06 -1.65242e+07 1.30633e+07 7.9008e+06 -1.8295e+07 2.1138e+06 1.84023e+07 -8.50437e+06 -1.32685e+07 1.08467e+07 6.8182e+06 -1.39025e+07 -351590 2.00933e+07 -6.78056e+06 -2.42137e+07 1.50221e+07 2.1164e+07 -2.39561e+07 -1.04168e+07 2.91045e+07 -3.8735e+06 -2.64526e+07 1.51344e+07 1.72053e+07 -2.12881e+07 -5.31672e+06 2.42378e+07 -5.00532e+06 -2.52213e+07 1.26863e+07 2.37394e+07 -1.91645e+07 -1.76223e+07 2.39891e+07 6.83529e+06 -2.51786e+07 5.14296e+06 2.07774e+07 -1.4584e+07 -1.1429e+07 1.88406e+07 1.57589e+06 -1.83299e+07 5.44683e+06 1.56881e+07 -9.20642e+06 -1.19615e+07 1.05962e+07 7.54188e+06 -1.1269e+07 -2.73301e+06 1.09609e+07 -2.5292e+06 -8.17955e+06 6.68963e+06 3.58043e+06 -8.14273e+06 1.01662e+06 7.03175e+06 -3.87195e+06 -4.13768e+06 3.9964e+06 1.02748e+06 -2.44624e+06 765679 878485 -1.20248e+06 32070.4 864231 -226264 -316986 78910.4 37100.2 
4.68465e+06 2.68635e+06 -8.06969e+06 -5.72452e+06 8.86135e+06 1.6849e+06 -7.13916e+06 9.96171e+06 1.72514e+06 -2.09128e+07 7.2987e+06 2.08496e+07 -1.66121e+07 -1.00549e+07 2.28914e+07 -2.668e+06 -2.27136e+07 1.06824e+07 1.63884e+07 -1.35554e+07 -8.56298e+06 1.72547e+07 711325 -2.48217e+07 8.16719e+06 3.01196e+07 -1.87594e+07 -2.65956e+07 3.00907e+07 1.32153e+07 -3.63858e+07 4.75111e+06 3.28983e+07 -1.89864e+07 -2.12881e+07 2.67186e+07 6.56391e+06 -3.02246e+07 6.1498e+06 3.12743e+07 -1.56985e+07 -2.94336e+07 2.38876e+07 2.19819e+07 -3.00432e+07 -8.63273e+06 3.14845e+07 -6.41419e+06 -2.58297e+07 1.83113e+07 1.40912e+07 -2.3658e+07 -1.7828e+06 2.29281e+07 -6.89494e+06 -1.94205e+07 1.14406e+07 1.47251e+07 -1.31839e+07 -9.33408e+06 1.40818e+07 3.39272e+06 -1.36857e+07 3.15912e+06 1.02108e+07 -8.39138e+06 -4.40992e+06 1.02816e+07 -1.4082e+06 -8.83961e+06 4.93783e+06 5.10972e+06 -5.02264e+06 -1.18793e+06 3.04317e+06 -1.04388e+06 -1.04811e+06 1.54652e+06 -82776.9 -1.06641e+06 291421 372382 -96373.8 -39990.7 
1.24746e+06 640602 -2.0466e+06 -1.34728e+06 2.10659e+06 358120 -1.61319e+06 2.46812e+06 315791 -5.12492e+06 1.79181e+06 5.05514e+06 -3.9837e+06 -2.42106e+06 5.60245e+06 -637779 -5.67526e+06 2.62793e+06 4.10726e+06 -3.36671e+06 -2.11596e+06 4.29949e+06 86588.8 -6.1961e+06 2.14583e+06 7.43721e+06 -4.65612e+06 -6.48827e+06 7.36152e+06 3.20493e+06 -8.92944e+06 1.18326e+06 8.12683e+06 -4.65687e+06 -5.31672e+06 6.56391e+06 1.67137e+06 -7.48188e+06 1.52878e+06 7.77672e+06 -3.92438e+06 -7.30836e+06 5.92731e+06 5.42009e+06 -7.38793e+06 -2.10977e+06 7.737e+06 -1.55842e+06 -6.39313e+06 4.46804e+06 3.53507e+06 -5.79291e+06 -523370 5.64804e+06 -1.64275e+06 -4.85132e+06 2.83083e+06 3.70124e+06 -3.27015e+06 -2.32791e+06 3.47323e+06 851668 -3.37551e+06 765292 2.5141e+06 -2.04482e+06 -1.10813e+06 2.48814e+06 -290370 -2.15771e+06 1.17122e+06 1.28214e+06 -1.21994e+06 -328338 751964 -223696 -277254 362515 -3444.01 -265720 68151.1 99134.5 -24447.7 -11714.7 
-5.44895e+06 -3.02079e+06 9.22991e+06 6.41558e+06 -9.9318e+06 -1.83311e+06 7.88666e+06 -1.13323e+07 -1.82142e+06 2.36862e+07 -8.23734e+06 -2.35191e+07 1.8684e+07 1.12983e+07 -2.59308e+07 3.01169e+06 2.58868e+07 -1.20779e+07 -1.86729e+07 1.53673e+07 9.67993e+06 -1.96275e+07 -661668 2.82862e+07 -9.41743e+06 -3.4208e+07 2.1274e+07 3.00621e+07 -3.40302e+07 -1.48703e+07 4.12335e+07 -5.43115e+06 -3.73696e+07 2.1479e+07 2.42378e+07 -3.02246e+07 -7.48188e+06 3.42952e+07 -7.02264e+06 -3.55792e+07 1.78722e+07 3.3484e+07 -2.71069e+07 -2.49358e+07 3.40211e+07 9.73886e+06 -3.56785e+07 7.27334e+06 2.93484e+07 -2.07039e+07 -1.60751e+07 2.67518e+07 2.12278e+06 -2.59781e+07 7.76394e+06 2.21114e+07 -1.29948e+07 -1.68101e+07 1.4971e+07 1.06314e+07 -1.59619e+07 -3.85983e+06 1.55185e+07 -3.57764e+06 -1.15811e+07 9.48925e+06 5.03489e+06 -1.1595e+07 1.52143e+06 9.99023e+06 -5.54075e+06 -5.82356e+06 5.67446e+06 1.39919e+06 -3.45528e+06 1.13523e+06 1.21391e+06 -1.72838e+06 70685.2 1.21459e+06 -324734 -434095 110039 48738.9 
1.17267e+06 617221 -1.92658e+06 -1.30547e+06 1.99784e+06 360696 -1.54997e+06 2.3426e+06 342119 -4.86452e+06 1.65743e+06 4.78817e+06 -3.77342e+06 -2.27459e+06 5.32202e+06 -617817 -5.3699e+06 2.45211e+06 3.85925e+06 -3.1254e+06 -1.96038e+06 4.03231e+06 80082.4 -5.8591e+06 1.96799e+06 7.05354e+06 -4.33498e+06 -6.13684e+06 6.93397e+06 2.99597e+06 -8.45901e+06 1.14219e+06 7.70462e+06 -4.38078e+06 -5.00532e+06 6.1498e+06 1.52878e+06 -7.02264e+06 1.47509e+06 7.33792e+06 -3.68761e+06 -6.91589e+06 5.54701e+06 5.1193e+06 -6.9449e+06 -1.9653e+06 7.30795e+06 -1.51117e+06 -6.04578e+06 4.23367e+06 3.32818e+06 -5.45375e+06 -455116 5.30833e+06 -1.59209e+06 -4.55903e+06 2.68246e+06 3.48548e+06 -3.07567e+06 -2.19421e+06 3.26496e+06 787945 -3.17924e+06 743790 2.3757e+06 -1.94698e+06 -1.04238e+06 2.36028e+06 -292072 -2.03716e+06 1.12453e+06 1.20249e+06 -1.16299e+06 -302238 712321 -218950 -256899 348351 -8066.45 -253025 65722 94207.5 -23170.7 -11407.2 
5.7674e+06 3.1153e+06 -9.63909e+06 -6.60242e+06 1.02068e+07 1.84352e+06 -8.01147e+06 1.17918e+07 1.7891e+06 -2.45547e+07 8.49817e+06 2.42975e+07 -1.92566e+07 -1.16283e+07 2.68879e+07 -3.12026e+06 -2.69677e+07 1.24876e+07 1.94411e+07 -1.59186e+07 -1.00014e+07 2.04051e+07 560678 -2.94638e+07 9.88063e+06 3.55431e+07 -2.20491e+07 -3.11076e+07 3.52175e+07 1.5315e+07 -4.27603e+07 5.68011e+06 3.88325e+07 -2.22321e+07 -2.52213e+07 3.12743e+07 7.77672e+06 -3.55792e+07 7.33792e+06 3.70056e+07 -1.85943e+07 -3.48322e+07 2.81176e+07 2.58759e+07 -3.52412e+07 -1.00511e+07 3.69925e+07 -7.55979e+06 -3.04976e+07 2.14308e+07 1.67556e+07 -2.76802e+07 -2.27502e+06 2.69222e+07 -8.02235e+06 -2.30055e+07 1.3501e+07 1.75309e+07 -1.5544e+07 -1.10688e+07 1.65481e+07 4.00886e+06 -1.60941e+07 3.7146e+06 1.20171e+07 -9.82631e+06 -5.25139e+06 1.19779e+07 -1.5204e+06 -1.03345e+07 5.70375e+06 6.06291e+06 -5.87211e+06 -1.49374e+06 3.58914e+06 -1.13877e+06 -1.27908e+06 1.77337e+06 -55148.1 -1.26498e+06 332250 460678 -114811 -53670.7 
-2.92803e+06 -1.56011e+06 4.86358e+06 3.30034e+06 -5.1047e+06 -914649 3.98131e+06 -5.92078e+06 -866345 1.23258e+07 -4.26471e+06 -1.21814e+07 9.62871e+06 5.82604e+06 -1.34846e+07 1.55722e+06 1.35665e+07 -6.27231e+06 -9.78478e+06 8.00096e+06 5.03023e+06 -1.02515e+07 -258879 1.48125e+07 -5.00446e+06 -1.78489e+07 1.10802e+07 1.56024e+07 -1.7662e+07 -7.68232e+06 2.14539e+07 -2.85356e+06 -1.94994e+07 1.11593e+07 1.26863e+07 -1.56985e+07 -3.92438e+06 1.78722e+07 -3.68761e+06 -1.85943e+07 9.35504e+06 1.75003e+07 -1.41333e+07 -1.29917e+07 1.7688e+07 5.04157e+06 -1.85619e+07 3.78846e+06 1.53168e+07 -1.07509e+07 -8.42688e+06 1.38914e+07 1.16531e+06 -1.35156e+07 4.01232e+06 1.15676e+07 -6.78697e+06 -8.81917e+06 7.81341e+06 5.56041e+06 -8.30924e+06 -2.01606e+06 8.08121e+06 -1.86304e+06 -6.02992e+06 4.93073e+06 2.63986e+06 -6.00236e+06 747954 5.1841e+06 -2.85298e+06 -3.05118e+06 2.94555e+06 758180 -1.80345e+06 563877 648159 -886033 23202.4 637050 -166752 -233736 58216.6 27339.7 
